1	1	IRR1	0	121	1800	0.8	0.8	0	CHN
1	2	RFR1	0	121	1800	0	1	0	CHN
1	3	IRRU	0	86	1800	0.8	0.8	0	CHN
1	4	AGRL	0	86	1800	0	1	0	CHN
1	5	FRSE	1	-99	-99	-99	-99	0	CHN
2	1	IRR1	0	121	1800	0.8	0.8	0	CHN
2	2	RFR1	0	121	1800	0	1	0	CHN
2	3	IRRU	0	86	1800	0.8	0.8	0	CHN
2	4	AGRL	0	86	1800	0	1	0	CHN
2	5	FRSE	1	-99	-99	-99	-99	0	CHN
3	1	IRR1	0	121	1800	0.8	0.8	0	CHN
3	2	RFR1	0	121	1800	0	1	0	CHN
3	3	IRRU	0.001093549	71	1800	0.8	0.8	0	CHN
3	4	AGRL	0.006836127	71	1800	0	1	0	CHN
3	5	FRSE	0.992070324	-99	-99	-99	-99	0	CHN
4	1	IRR1	0	121	1800	0.8	0.8	0	CHN
4	2	RFR1	0	121	1800	0	1	0	CHN
4	3	IRRU	0.000341034	71	1800	0.8	0.8	0	CHN
4	4	AGRL	0.00462591	71	1800	0	1	0	CHN
4	5	FRSE	0.995033056	-99	-99	-99	-99	0	CHN
5	1	IRR1	0	121	1800	0.8	0.8	0	CHN
5	2	RFR1	0	121	1800	0	1	0	CHN
5	3	IRRU	0.001518872	71	1800	0.8	0.8	0	CHN
5	4	AGRL	0.008575947	71	1800	0	1	0	CHN
5	5	FRSE	0.989905181	-99	-99	-99	-99	0	CHN
6	1	IRR1	0	121	1800	0.8	0.8	0	CHN
6	2	RFR1	0	121	1800	0	1	0	CHN
6	3	IRRU	0.009637725	71	1800	0.8	0.8	0	CHN
6	4	AGRL	0.030162315	71	1800	0	1	0	CHN
6	5	FRSE	0.96019996	-99	-99	-99	-99	0	CHN
7	1	IRR1	0	121	1800	0.8	0.8	0	CHN
7	2	RFR1	0	121	1800	0	1	0	CHN
7	3	IRRU	0.002729599	71	1800	0.8	0.8	0	CHN
7	4	AGRL	0.019690649	71	1800	0	1	0	CHN
7	5	FRSE	0.977579752	-99	-99	-99	-99	0	CHN
8	1	IRR1	0	121	1800	0.8	0.8	0	CHN
8	2	RFR1	0	121	1800	0	1	0	CHN
8	3	IRRU	0.00296064	71	1800	0.8	0.8	0	CHN
8	4	AGRL	0.004292063	71	1800	0	1	0	CHN
8	5	FRSE	0.992747297	-99	-99	-99	-99	0	CHN
9	1	IRR1	0	121	1800	0.8	0.8	0	CHN
9	2	RFR1	0	121	1800	0	1	0	CHN
9	3	IRRU	0.001469449	71	1800	0.8	0.8	0	CHN
9	4	AGRL	0.005099078	71	1800	0	1	0	CHN
9	5	FRSE	0.993431473	-99	-99	-99	-99	0	CHN
10	1	IRR1	0	121	1800	0.8	0.8	0	CHN
10	2	RFR1	0	121	1800	0	1	0	CHN
10	3	IRRU	0.026130159	71	1800	0.8	0.8	0	CHN
10	4	AGRL	0.100979041	71	1800	0	1	0	CHN
10	5	FRSE	0.8728908	-99	-99	-99	-99	0	CHN
11	1	IRR1	0	121	1800	0.8	0.8	0	CHN
11	2	RFR1	0	121	1800	0	1	0	CHN
11	3	IRRU	0.008132963	71	1800	0.8	0.8	0	CHN
11	4	AGRL	0.017061315	71	1800	0	1	0	CHN
11	5	FRSE	0.974805722	-99	-99	-99	-99	0	CHN
12	1	IRR1	0	121	1800	0.8	0.8	0	CHN
12	2	RFR1	0	121	1800	0	1	0	CHN
12	3	IRRU	0.017670405	71	1800	0.8	0.8	0	CHN
12	4	AGRL	0.041238318	71	1800	0	1	0	CHN
12	5	FRSE	0.941091277	-99	-99	-99	-99	0	CHN
13	1	IRR1	0	121	1800	0.8	0.8	0	CHN
13	2	RFR1	0	121	1800	0	1	0	CHN
13	3	IRRU	0.010486901	71	1800	0.8	0.8	0	CHN
13	4	AGRL	0.037739018	71	1800	0	1	0	CHN
13	5	FRSE	0.951774081	-99	-99	-99	-99	0	CHN
14	1	IRR1	0	121	1800	0.8	0.8	0	CHN
14	2	RFR1	0	121	1800	0	1	0	CHN
14	3	IRRU	0.061137242	71	1800	0.8	0.8	0	CHN
14	4	AGRL	0.035054556	71	1800	0	1	0	CHN
14	5	FRSE	0.903808203	-99	-99	-99	-99	0	CHN
15	1	IRR1	1.64551E-06	121	1800	0.8	0.8	0	CHN
15	2	RFR1	1.01134E-05	121	1800	0	1	0	CHN
15	3	IRRU	0.00193826	71	1800	0.8	0.8	0	CHN
15	4	AGRL	0.030362004	71	1800	0	1	0	CHN
15	5	FRSE	0.967687977	-99	-99	-99	-99	0	CHN
16	1	IRR1	0.012654385	121	1800	0.8	0.8	0	CHN
16	2	RFR1	0.002547999	121	1800	0	1	0	CHN
16	3	IRRU	0	71	1800	0.8	0.8	0	CHN
16	4	AGRL	0.062565351	71	1800	0	1	0	CHN
16	5	FRSE	0.922232264	-99	-99	-99	-99	0	CHN
17	1	IRR1	0.004550655	121	1800	0.8	0.8	0	CHN
17	2	RFR1	0.000702146	121	1800	0	1	0	CHN
17	3	IRRU	0	71	1800	0.8	0.8	0	CHN
17	4	AGRL	0.043950807	71	1800	0	1	0	CHN
17	5	FRSE	0.950796392	-99	-99	-99	-99	0	CHN
18	1	IRR1	0.063405737	121	1800	0.8	0.8	0	CHN
18	2	RFR1	0	121	1800	0	1	0	CHN
18	3	IRRU	0	71	1800	0.8	0.8	0	CHN
18	4	AGRL	0.09527302	71	1800	0	1	0	CHN
18	5	FRSE	0.841321243	-99	-99	-99	-99	0	CHN
19	1	IRR1	0.003591978	121	1800	0.8	0.8	0	CHN
19	2	RFR1	0.001181607	121	1800	0	1	0	CHN
19	3	IRRU	0	71	1800	0.8	0.8	0	CHN
19	4	AGRL	0.101541312	71	1800	0	1	0	CHN
19	5	FRSE	0.893685104	-99	-99	-99	-99	0	CHN
20	1	IRR1	0	121	1800	0.8	0.8	0	CHN
20	2	RFR1	0.0030976	121	1800	0	1	0	CHN
20	3	IRRU	0	71	1800	0.8	0.8	0	CHN
20	4	AGRL	0.023943942	71	1800	0	1	0	CHN
20	5	FRSE	0.972958458	-99	-99	-99	-99	0	CHN
21	1	IRR1	0	121	1800	0.8	0.8	0	CHN
21	2	RFR1	0	121	1800	0	1	0	CHN
21	3	IRRU	0	71	1800	0.8	0.8	0	CHN
21	4	AGRL	0.130403258	71	1800	0	1	0	CHN
21	5	FRSE	0.869596742	-99	-99	-99	-99	0	CHN
22	1	IRR1	0.052812564	121	1800	0.8	0.8	0	CHN
22	2	RFR1	0.000991216	121	1800	0	1	0	CHN
22	3	IRRU	0	71	1800	0.8	0.8	0	CHN
22	4	AGRL	0.198508427	71	1800	0	1	0	CHN
22	5	FRSE	0.747687794	-99	-99	-99	-99	0	CHN
23	1	IRR1	0.006158892	121	1800	0.8	0.8	0	CHN
23	2	RFR1	0.000171917	121	1800	0	1	0	CHN
23	3	IRRU	0	71	1800	0.8	0.8	0	CHN
23	4	AGRL	0.163017085	71	1800	0	1	0	CHN
23	5	FRSE	0.830652106	-99	-99	-99	-99	0	CHN
24	1	IRR1	0.023843022	121	1800	0.8	0.8	0	CHN
24	2	RFR1	5.85084E-06	121	1800	0	1	0	CHN
24	3	IRRU	0	71	1800	0.8	0.8	0	CHN
24	4	AGRL	0.079980116	71	1800	0	1	0	CHN
24	5	FRSE	0.896171012	-99	-99	-99	-99	0	CHN
25	1	IRR1	0.026321218	121	1800	0.8	0.8	0	CHN
25	2	RFR1	0.012136278	121	1800	0	1	0	CHN
25	3	IRRU	0	71	1800	0.8	0.8	0	CHN
25	4	AGRL	0.174288794	71	1800	0	1	0	CHN
25	5	FRSE	0.78725371	-99	-99	-99	-99	0	CHN
26	1	IRR1	0.003494893	121	1800	0.8	0.8	0	CHN
26	2	RFR1	0.018882826	121	1800	0	1	0	CHN
26	3	IRRU	0	71	1800	0.8	0.8	0	CHN
26	4	AGRL	0.123034304	71	1800	0	1	0	CHN
26	5	FRSE	0.854587977	-99	-99	-99	-99	0	CHN
27	1	IRR1	0	121	1800	0.8	0.8	0	CHN
27	2	RFR1	0.013686813	121	1800	0	1	0	CHN
27	3	IRRU	0	71	1800	0.8	0.8	0	CHN
27	4	AGRL	0.099696013	71	1800	0	1	0	CHN
27	5	FRSE	0.886617173	-99	-99	-99	-99	0	CHN
28	1	IRR1	0.018882357	121	1800	0.8	0.8	0	CHN
28	2	RFR1	0.025561238	121	1800	0	1	0	CHN
28	3	IRRU	0	71	1800	0.8	0.8	0	CHN
28	4	AGRL	0.110706277	71	1800	0	1	0	CHN
28	5	FRSE	0.844850128	-99	-99	-99	-99	0	CHN
29	1	IRR1	0	121	1800	0.8	0.8	0	CHN
29	2	RFR1	0	121	1800	0	1	0	CHN
29	3	IRRU	0	71	1800	0.8	0.8	0	CHN
29	4	AGRL	0.092907862	71	1800	0	1	0	CHN
29	5	FRSE	0.907092138	-99	-99	-99	-99	0	CHN
30	1	IRR1	0.01845021	121	1800	0.8	0.8	0	CHN
30	2	RFR1	0.000203151	121	1800	0	1	0	CHN
30	3	IRR2	0	121	1800	0.8	0.8	0	CHN
30	4	RFR2	0	121	1800	0	1	0	CHN
30	5	IRRU	3.73407E-06	71	1800	0.8	0.8	0	CHN
30	6	AGRL	0.032105109	71	1800	0	1	0	CHN
30	7	FRSE	0.949237796	-99	-99	-99	-99	0	CHN
31	1	IRR1	0.038045117	121	1800	0.8	0.8	0	CHN
31	2	RFR1	0.009591345	121	1800	0	1	0	CHN
31	3	IRR2	0	121	1800	0.8	0.8	0	CHN
31	4	RFR2	0	121	1800	0	1	0	CHN
31	5	IRRU	0.000225069	71	1800	0.8	0.8	0	CHN
31	6	AGRL	0.065436676	71	1800	0	1	0	CHN
31	7	FRSE	0.886701793	-99	-99	-99	-99	0	CHN
32	1	IRR1	0	167	1800	0.8	0.8	0	LAO
32	2	RFR1	0.005074934	167	1800	0	1	0	LAO
32	3	IRR2	0.002664545	357	1800	0.8	0.8	0	LAO
32	4	RFR2	0	357	1800	0	1	0	LAO
32	5	IRRU	0.001229532	71	1800	0.8	0.8	0	LAO
32	6	AGRL	0.005567031	71	1800	0	1	0	LAO
32	7	FRSE	0.985463958	-99	-99	-99	-99	0	LAO
33	1	IRR1	0.118992808	121	1800	0.8	0.8	0	CHN
33	2	RFR1	6.41369E-05	121	1800	0	1	0	CHN
33	3	IRRU	0	71	1800	0.8	0.8	0	CHN
33	4	AGRL	0.156665266	71	1800	0	1	0	CHN
33	5	FRSE	0.724277789	-99	-99	-99	-99	0	CHN
34	1	IRR1	0.003569138	153	1800	0.8	0.8	0	MMR
34	2	RFR1	0.026002682	153	1800	0	1	0	MMR
34	3	IRR2	0.005353707	333	1800	0.8	0.8	0	MMR
34	4	RFR2	0	333	1800	0	1	0	MMR
34	5	IRRU	0.002024643	300	1800	0.8	0.8	0	MMR
34	6	AGRL	0.063514684	300	1800	0	1	0	MMR
34	7	FRSE	0.899535146	-99	-99	-99	-99	0	MMR
35	1	IRR1	0.041023651	121	1800	0.8	0.8	0	CHN
35	2	RFR1	0.006447215	121	1800	0	1	0	CHN
35	3	IRR2	0	121	1800	0.8	0.8	0	CHN
35	4	RFR2	0	121	1800	0	1	0	CHN
35	5	IRRU	0.0014844	71	1800	0.8	0.8	0	CHN
35	6	AGRL	0.060312504	71	1800	0	1	0	CHN
35	7	FRSE	0.890732229	-99	-99	-99	-99	0	CHN
36	1	IRR1	0.060223824	121	1800	0.8	0.8	0	CHN
36	2	RFR1	1.07276E-05	121	1800	0	1	0	CHN
36	3	IRRU	0	71	1800	0.8	0.8	0	CHN
36	4	AGRL	0.052831148	71	1800	0	1	0	CHN
36	5	FRSE	0.8869343	-99	-99	-99	-99	0	CHN
37	1	IRR1	0.025453166	121	1800	0.8	0.8	0	CHN
37	2	RFR1	0.003965338	121	1800	0	1	0	CHN
37	3	IRR2	0	121	1800	0.8	0.8	0	CHN
37	4	RFR2	0	121	1800	0	1	0	CHN
37	5	IRRU	0.002836458	71	1800	0.8	0.8	0	CHN
37	6	AGRL	0.033911258	71	1800	0	1	0	CHN
37	7	FRSE	0.93383378	-99	-99	-99	-99	0	CHN
38	1	IRR1	0	167	1800	0.8	0.8	0	LAO
38	2	RFR1	0.024098442	167	1800	0	1	0	LAO
38	3	IRR2	0.004218679	357	1800	0.8	0.8	0	LAO
38	4	RFR2	0	357	1800	0	1	0	LAO
38	5	IRRU	0.004239181	300	1800	0.8	0.8	0	LAO
38	6	AGRL	0.033293517	300	1800	0	1	0	LAO
38	7	FRSE	0.93415018	-99	-99	-99	-99	0	LAO
39	1	IRR1	0.004759156	153	1800	0.8	0.8	0	MMR
39	2	RFR1	0.022884378	153	1800	0	1	0	MMR
39	3	IRR2	0.007138734	333	1800	0.8	0.8	0	MMR
39	4	RFR2	0	333	1800	0	1	0	MMR
39	5	IRRU	0.00799393	300	1800	0.8	0.8	0	MMR
39	6	AGRL	0.073329312	300	1800	0	1	0	MMR
39	7	FRSE	0.88389449	-99	-99	-99	-99	0	MMR
40	1	IRR1	0.001612588	167	1800	0.8	0.8	0	MMR
40	2	RFR1	0.009872577	167	1800	0	1	0	MMR
40	3	IRR2	0.002418882	357	1800	0.8	0.8	0	MMR
40	4	RFR2	0	357	1800	0	1	0	MMR
40	5	IRRU	0.00177032	300	1800	0.8	0.8	0	MMR
40	6	AGRL	0.024385639	300	1800	0	1	0	MMR
40	7	FRSE	0.959939994	-99	-99	-99	-99	0	MMR
41	1	IRR1	0	190	1800	0.8	0.8	0	VNM
41	2	RFR1	0	190	1800	0	1	0	VNM
41	3	IRR2	0	24	1800	0.8	0.8	0	VNM
41	4	RFR2	0	24	1800	0	1	0	VNM
41	5	IRRU	0	71	1800	0.8	0.8	0	VNM
41	6	AGRL	0	71	1800	0	1	0	VNM
41	7	FRSE	1	-99	-99	-99	-99	0	VNM
42	1	IRR1	0	167	1800	0.8	0.8	0	LAO
42	2	RFR1	0.007453524	167	1800	0	1	0	LAO
42	3	IRR2	0.008915312	357	1800	0.8	0.8	0	LAO
42	4	RFR2	0	357	1800	0	1	0	LAO
42	5	IRRU	0.000751552	71	1800	0.8	0.8	0	LAO
42	6	AGRL	0.013477898	71	1800	0	1	0	LAO
42	7	FRSE	0.969401714	-99	-99	-99	-99	0	LAO
43	1	IRR1	0	167	1800	0.8	0.8	0	LAO
43	2	RFR1	0.01146841	167	1800	0	1	0	LAO
43	3	IRR2	0	357	1800	0.8	0.8	0	LAO
43	4	RFR2	0	357	1800	0	1	0	LAO
43	5	IRRU	0	71	1800	0.8	0.8	0	LAO
43	6	AGRL	0.008713916	71	1800	0	1	0	LAO
43	7	FRSE	0.979817674	-99	-99	-99	-99	0	LAO
44	1	IRR1	0	167	1800	0.8	0.8	0	LAO
44	2	RFR1	0.008203829	167	1800	0	1	0	LAO
44	3	IRR2	0.002268033	357	1800	0.8	0.8	0	LAO
44	4	RFR2	0	357	1800	0	1	0	LAO
44	5	IRRU	0.000161239	71	1800	0.8	0.8	0	LAO
44	6	AGRL	0.016272437	71	1800	0	1	0	LAO
44	7	FRSE	0.973094462	-99	-99	-99	-99	0	LAO
45	1	IRR1	0.007735187	153	1800	0.8	0.8	0	MMR
45	2	RFR1	0.023390632	153	1800	0	1	0	MMR
45	3	IRR2	0.01160278	333	1800	0.8	0.8	0	MMR
45	4	RFR2	0	333	1800	0	1	0	MMR
45	5	IRRU	0.002947124	300	1800	0.8	0.8	0	MMR
45	6	AGRL	0.063069281	300	1800	0	1	0	MMR
45	7	FRSE	0.891254996	-99	-99	-99	-99	0	MMR
46	1	IRR1	0	167	1800	0.8	0.8	0	LAO
46	2	RFR1	0.002304766	167	1800	0	1	0	LAO
46	3	IRR2	0.003711863	357	1800	0.8	0.8	0	LAO
46	4	RFR2	0	357	1800	0	1	0	LAO
46	5	IRRU	0.000583076	134	1800	0.8	0.8	0	LAO
46	6	AGRL	0.002347514	134	1800	0	1	0	LAO
46	7	FRSE	0.991052781	-99	-99	-99	-99	0	LAO
47	1	IRR1	0	167	1800	0.8	0.8	0	LAO
47	2	RFR1	0.010135709	167	1800	0	1	0	LAO
47	3	IRR2	0.005638818	357	1800	0.8	0.8	0	LAO
47	4	RFR2	0	357	1800	0	1	0	LAO
47	5	IRRU	0.000462938	71	1800	0.8	0.8	0	LAO
47	6	AGRL	0.011445644	71	1800	0	1	0	LAO
47	7	FRSE	0.972316892	-99	-99	-99	-99	0	LAO
48	1	IRR1	0.006723405	153	1800	0.8	0.8	0	MMR
48	2	RFR1	0.028182584	153	1800	0	1	0	MMR
48	3	IRR2	0.010085107	333	1800	0.8	0.8	0	MMR
48	4	RFR2	0	333	1800	0	1	0	MMR
48	5	IRRU	0.003739314	300	1800	0.8	0.8	0	MMR
48	6	AGRL	0.096479583	300	1800	0	1	0	MMR
48	7	FRSE	0.854790007	-99	-99	-99	-99	0	MMR
49	1	IRR1	0	167	1800	0.8	0.8	0	LAO
49	2	RFR1	0.014650612	167	1800	0	1	0	LAO
49	3	IRR2	0.006463879	357	1800	0.8	0.8	0	LAO
49	4	RFR2	0	357	1800	0	1	0	LAO
49	5	IRRU	0.007194333	134	1800	0.8	0.8	0	LAO
49	6	AGRL	0.053019094	134	1800	0	1	0	LAO
49	7	FRSE	0.918672083	-99	-99	-99	-99	0	LAO
50	1	IRR1	0	167	1800	0.8	0.8	0	LAO
50	2	RFR1	0.031834667	167	1800	0	1	0	LAO
50	3	IRR2	0.018926832	357	1800	0.8	0.8	0	LAO
50	4	RFR2	0	357	1800	0	1	0	LAO
50	5	IRRU	0.00034413	134	1800	0.8	0.8	0	LAO
50	6	AGRL	0.031908842	134	1800	0	1	0	LAO
50	7	FRSE	0.916985529	-99	-99	-99	-99	0	LAO
51	1	IRR1	0	167	1800	0.8	0.8	0	LAO
51	2	RFR1	0.009726653	167	1800	0	1	0	LAO
51	3	IRR2	0.001089965	357	1800	0.8	0.8	0	LAO
51	4	RFR2	0	357	1800	0	1	0	LAO
51	5	IRRU	3.55913E-05	71	1800	0.8	0.8	0	LAO
51	6	AGRL	0.019888382	71	1800	0	1	0	LAO
51	7	FRSE	0.969259408	-99	-99	-99	-99	0	LAO
52	1	IRR1	0.016989171	153	1800	0.8	0.8	0	MMR
52	2	RFR1	0.05975881	153	1800	0	1	0	MMR
52	3	IRR2	0.025483756	333	1800	0.8	0.8	0	MMR
52	4	RFR2	0	333	1800	0	1	0	MMR
52	5	IRRU	0.010048407	300	1800	0.8	0.8	0	MMR
52	6	AGRL	0.150876795	300	1800	0	1	0	MMR
52	7	FRSE	0.73684306	-99	-99	-99	-99	0	MMR
53	1	IRR1	0.071782885	185	1800	0.8	0.8	0	THA
53	2	RFR1	0.059388879	185	1800	0	1	0	THA
53	3	IRR2	0.058731451	37	1800	0.8	0.8	0	THA
53	4	RFR2	0	37	1800	0	1	0	THA
53	5	IRRU	0.000475716	134	1800	0.8	0.8	0	THA
53	6	AGRL	0.243430477	134	1800	0	1	0	THA
53	7	FRSE	0.566190592	-99	-99	-99	-99	0	THA
54	1	IRR1	0	167	1800	0.8	0.8	0	LAO
54	2	RFR1	0.006478245	167	1800	0	1	0	LAO
54	3	IRR2	0.001869324	357	1800	0.8	0.8	0	LAO
54	4	RFR2	0	357	1800	0	1	0	LAO
54	5	IRRU	0.000191093	71	1800	0.8	0.8	0	LAO
54	6	AGRL	0.015309896	71	1800	0	1	0	LAO
54	7	FRSE	0.976151443	-99	-99	-99	-99	0	LAO
55	1	IRR1	0	167	1800	0.8	0.8	0	LAO
55	2	RFR1	0.014138207	167	1800	0	1	0	LAO
55	3	IRR2	0.01365455	357	1800	0.8	0.8	0	LAO
55	4	RFR2	0	357	1800	0	1	0	LAO
55	5	IRRU	0.000354741	71	1800	0.8	0.8	0	LAO
55	6	AGRL	0.019242486	71	1800	0	1	0	LAO
55	7	FRSE	0.952610017	-99	-99	-99	-99	0	LAO
56	1	IRR1	0.075306297	185	1800	0.8	0.8	0	THA
56	2	RFR1	0.133571846	185	1800	0	1	0	THA
56	3	IRR2	0.061614243	37	1800	0.8	0.8	0	THA
56	4	RFR2	0	37	1800	0	1	0	THA
56	5	IRRU	0.000269636	134	1800	0.8	0.8	0	THA
56	6	AGRL	0.133775765	134	1800	0	1	0	THA
56	7	FRSE	0.595462213	-99	-99	-99	-99	0	THA
57	1	IRR1	0.115743667	185	1800	0.8	0.8	0	THA
57	2	RFR1	0.037067113	185	1800	0	1	0	THA
57	3	IRR2	0.094699364	37	1800	0.8	0.8	0	THA
57	4	RFR2	0	37	1800	0	1	0	THA
57	5	IRRU	0.00216671	134	1800	0.8	0.8	0	THA
57	6	AGRL	0.146419231	134	1800	0	1	0	THA
57	7	FRSE	0.603903916	-99	-99	-99	-99	0	THA
58	1	IRR1	0.019354852	185	1800	0.8	0.8	0	THA
58	2	RFR1	0.03885372	185	1800	0	1	0	THA
58	3	IRR2	0.015835788	37	1800	0.8	0.8	0	THA
58	4	RFR2	0	37	1800	0	1	0	THA
58	5	IRRU	0.00108807	134	1800	0.8	0.8	0	THA
58	6	AGRL	0.103245844	134	1800	0	1	0	THA
58	7	FRSE	0.821621726	-99	-99	-99	-99	0	THA
59	1	IRR1	0	167	1800	0.8	0.8	0	LAO
59	2	RFR1	0.013347469	167	1800	0	1	0	LAO
59	3	IRR2	0.003279744	357	1800	0.8	0.8	0	LAO
59	4	RFR2	0	357	1800	0	1	0	LAO
59	5	IRRU	0.000153513	71	1800	0.8	0.8	0	LAO
59	6	AGRL	0.014548553	71	1800	0	1	0	LAO
59	7	FRSE	0.96867072	-99	-99	-99	-99	0	LAO
60	1	IRR1	0	167	1800	0.8	0.8	0	LAO
60	2	RFR1	0.008529184	167	1800	0	1	0	LAO
60	3	IRR2	0	357	1800	0.8	0.8	0	LAO
60	4	RFR2	0	357	1800	0	1	0	LAO
60	5	IRRU	0	71	1800	0.8	0.8	0	LAO
60	6	AGRL	0.019230364	71	1800	0	1	0	LAO
60	7	FRSE	0.972240452	-99	-99	-99	-99	0	LAO
61	1	IRR1	0.048700213	153	1800	0.8	0.8	0	MMR
61	2	RFR1	0.013785817	153	1800	0	1	0	MMR
61	3	IRR2	0.073050319	333	1800	0.8	0.8	0	MMR
61	4	RFR2	0	333	1800	0	1	0	MMR
61	5	IRRU	0.012645447	300	1800	0.8	0.8	0	MMR
61	6	AGRL	0.061785734	300	1800	0	1	0	MMR
61	7	FRSE	0.790032471	-99	-99	-99	-99	0	MMR
62	1	IRR1	0	167	1800	0.8	0.8	0	LAO
62	2	RFR1	0.016871349	167	1800	0	1	0	LAO
62	3	IRR2	0.005920078	357	1800	0.8	0.8	0	LAO
62	4	RFR2	0	357	1800	0	1	0	LAO
62	5	IRRU	0.000209893	71	1800	0.8	0.8	0	LAO
62	6	AGRL	0.024720731	71	1800	0	1	0	LAO
62	7	FRSE	0.952277949	-99	-99	-99	-99	0	LAO
63	1	IRR1	0	167	1800	0.8	0.8	0	LAO
63	2	RFR1	0.026398074	167	1800	0	1	0	LAO
63	3	IRR2	0.023415293	357	1800	0.8	0.8	0	LAO
63	4	RFR2	0	357	1800	0	1	0	LAO
63	5	IRRU	0.000525618	71	1800	0.8	0.8	0	LAO
63	6	AGRL	0.021039273	71	1800	0	1	0	LAO
63	7	FRSE	0.928621742	-99	-99	-99	-99	0	LAO
64	1	IRR1	0	167	1800	0.8	0.8	0	LAO
64	2	RFR1	0.018414412	167	1800	0	1	0	LAO
64	3	IRR2	0.023544994	357	1800	0.8	0.8	0	LAO
64	4	RFR2	0	357	1800	0	1	0	LAO
64	5	IRRU	0.002653619	71	1800	0.8	0.8	0	LAO
64	6	AGRL	0.037816524	71	1800	0	1	0	LAO
64	7	FRSE	0.917570452	-99	-99	-99	-99	0	LAO
65	1	IRR1	0.054991457	185	1800	0.8	0.8	0	THA
65	2	RFR1	0.023909794	185	1800	0	1	0	THA
65	3	IRR2	0.044993011	37	1800	0.8	0.8	0	THA
65	4	RFR2	0	37	1800	0	1	0	THA
65	5	IRRU	0.000438646	134	1800	0.8	0.8	0	THA
65	6	AGRL	0.061570168	134	1800	0	1	0	THA
65	7	FRSE	0.814096924	-99	-99	-99	-99	0	THA
66	1	IRR1	0	167	1800	0.8	0.8	0	LAO
66	2	RFR1	0.023226745	167	1800	0	1	0	LAO
66	3	IRR2	0.027862209	357	1800	0.8	0.8	0	LAO
66	4	RFR2	0	357	1800	0	1	0	LAO
66	5	IRRU	0.00069101	71	1800	0.8	0.8	0	LAO
66	6	AGRL	0.016931056	71	1800	0	1	0	LAO
66	7	FRSE	0.93128898	-99	-99	-99	-99	0	LAO
67	1	IRR1	0	167	1800	0.8	0.8	0	LAO
67	2	RFR1	0.022304249	167	1800	0	1	0	LAO
67	3	IRR2	0.004165384	357	1800	0.8	0.8	0	LAO
67	4	RFR2	0	357	1800	0	1	0	LAO
67	5	IRRU	0.000219307	134	1800	0.8	0.8	0	LAO
67	6	AGRL	0.037283899	134	1800	0	1	0	LAO
67	7	FRSE	0.93602716	-99	-99	-99	-99	0	LAO
68	1	IRR1	0	167	1800	0.8	0.8	0	LAO
68	2	RFR1	0.014063887	167	1800	0	1	0	LAO
68	3	IRR2	0.019162672	357	1800	0.8	0.8	0	LAO
68	4	RFR2	0	357	1800	0	1	0	LAO
68	5	IRRU	0.000727192	71	1800	0.8	0.8	0	LAO
68	6	AGRL	0.028585765	71	1800	0	1	0	LAO
68	7	FRSE	0.937460485	-99	-99	-99	-99	0	LAO
69	1	IRR1	0	167	1800	0.8	0.8	0	LAO
69	2	RFR1	0.00575095	167	1800	0	1	0	LAO
69	3	IRR2	0.002951247	357	1800	0.8	0.8	0	LAO
69	4	RFR2	0	357	1800	0	1	0	LAO
69	5	IRRU	0.000402063	71	1800	0.8	0.8	0	LAO
69	6	AGRL	0.012748246	71	1800	0	1	0	LAO
69	7	FRSE	0.978147494	-99	-99	-99	-99	0	LAO
70	1	IRR1	0	167	1800	0.8	0.8	0	LAO
70	2	RFR1	0.010599639	167	1800	0	1	0	LAO
70	3	IRR2	0.010200386	357	1800	0.8	0.8	0	LAO
70	4	RFR2	0	357	1800	0	1	0	LAO
70	5	IRRU	0.000891412	71	1800	0.8	0.8	0	LAO
70	6	AGRL	0.01243641	71	1800	0	1	0	LAO
70	7	FRSE	0.965872153	-99	-99	-99	-99	0	LAO
71	1	IRR1	0	167	1800	0.8	0.8	0	LAO
71	2	RFR1	0.010523458	167	1800	0	1	0	LAO
71	3	IRR2	0.00559975	357	1800	0.8	0.8	0	LAO
71	4	RFR2	0	357	1800	0	1	0	LAO
71	5	IRRU	0.000439781	71	1800	0.8	0.8	0	LAO
71	6	AGRL	0.017078723	71	1800	0	1	0	LAO
71	7	FRSE	0.966358288	-99	-99	-99	-99	0	LAO
72	1	IRR1	0	167	1800	0.8	0.8	0	LAO
72	2	RFR1	0.006555608	167	1800	0	1	0	LAO
72	3	IRR2	0.013729606	357	1800	0.8	0.8	0	LAO
72	4	RFR2	0	357	1800	0	1	0	LAO
72	5	IRRU	0.001049944	134	1800	0.8	0.8	0	LAO
72	6	AGRL	0.012374778	134	1800	0	1	0	LAO
72	7	FRSE	0.966290064	-99	-99	-99	-99	0	LAO
73	1	IRR1	0	167	1800	0.8	0.8	0	LAO
73	2	RFR1	0.00345312	167	1800	0	1	0	LAO
73	3	IRR2	0.009059664	357	1800	0.8	0.8	0	LAO
73	4	RFR2	0	357	1800	0	1	0	LAO
73	5	IRRU	0.000934162	71	1800	0.8	0.8	0	LAO
73	6	AGRL	0.005620047	71	1800	0	1	0	LAO
73	7	FRSE	0.980933008	-99	-99	-99	-99	0	LAO
74	1	IRR1	0	167	1800	0.8	0.8	0	LAO
74	2	RFR1	0.004314657	167	1800	0	1	0	LAO
74	3	IRR2	0.0298502	357	1800	0.8	0.8	0	LAO
74	4	RFR2	0	357	1800	0	1	0	LAO
74	5	IRRU	0.008552121	134	1800	0.8	0.8	0	LAO
74	6	AGRL	0.005207238	134	1800	0	1	0	LAO
74	7	FRSE	0.952075785	-99	-99	-99	-99	0	LAO
75	1	IRR1	0	167	1800	0.8	0.8	0	LAO
75	2	RFR1	0.001132491	167	1800	0	1	0	LAO
75	3	IRR2	0.0009496	357	1800	0.8	0.8	0	LAO
75	4	RFR2	0	357	1800	0	1	0	LAO
75	5	IRRU	0.000144955	71	1800	0.8	0.8	0	LAO
75	6	AGRL	0.003168243	71	1800	0	1	0	LAO
75	7	FRSE	0.994604711	-99	-99	-99	-99	0	LAO
76	1	IRR1	0	167	1800	0.8	0.8	0	LAO
76	2	RFR1	0.002230169	167	1800	0	1	0	LAO
76	3	IRR2	0.015905151	357	1800	0.8	0.8	0	LAO
76	4	RFR2	0	357	1800	0	1	0	LAO
76	5	IRRU	0.003456319	134	1800	0.8	0.8	0	LAO
76	6	AGRL	0.005696027	134	1800	0	1	0	LAO
76	7	FRSE	0.972712334	-99	-99	-99	-99	0	LAO
77	1	IRR1	0	167	1800	0.8	0.8	0	LAO
77	2	RFR1	0.049508613	167	1800	0	1	0	LAO
77	3	IRR2	0.046238747	357	1800	0.8	0.8	0	LAO
77	4	RFR2	0	357	1800	0	1	0	LAO
77	5	IRRU	0.002576345	134	1800	0.8	0.8	0	LAO
77	6	AGRL	0.045192191	134	1800	0	1	0	LAO
77	7	FRSE	0.856484104	-99	-99	-99	-99	0	LAO
78	1	IRR1	0.070134673	185	1800	0.8	0.8	0	THA
78	2	RFR1	0.045698108	185	1800	0	1	0	THA
78	3	IRR2	0.057382914	37	1800	0.8	0.8	0	THA
78	4	RFR2	0	37	1800	0	1	0	THA
78	5	IRRU	0	134	1800	0.8	0.8	0	THA
78	6	AGRL	0.072774362	134	1800	0	1	0	THA
78	7	FRSE	0.754009943	-99	-99	-99	-99	0	THA
79	1	IRR1	0	167	1800	0.8	0.8	0	LAO
79	2	RFR1	0.061819871	167	1800	0	1	0	LAO
79	3	IRR2	0.082030574	357	1800	0.8	0.8	0	LAO
79	4	RFR2	0	357	1800	0	1	0	LAO
79	5	IRRU	0.020045735	134	1800	0.8	0.8	0	LAO
79	6	AGRL	0.029579152	134	1800	0	1	0	LAO
79	7	FRSE	0.806524668	-99	-99	-99	-99	0	LAO
80	1	IRR1	0	167	1800	0.8	0.8	0	LAO
80	2	RFR1	0.000357433	167	1800	0	1	0	LAO
80	3	IRR2	0	357	1800	0.8	0.8	0	LAO
80	4	RFR2	0	357	1800	0	1	0	LAO
80	5	IRRU	0	134	1800	0.8	0.8	0	LAO
80	6	AGRL	0.000409142	134	1800	0	1	0	LAO
80	7	FRSE	0.999233425	-99	-99	-99	-99	0	LAO
81	1	IRR1	0.045158745	185	1800	0.8	0.8	0	THA
81	2	RFR1	0.086387056	185	1800	0	1	0	THA
81	3	IRR2	0.036948064	37	1800	0.8	0.8	0	THA
81	4	RFR2	0	37	1800	0	1	0	THA
81	5	IRRU	0.011678323	134	1800	0.8	0.8	0	THA
81	6	AGRL	0.102830546	134	1800	0	1	0	THA
81	7	FRSE	0.716997265	-99	-99	-99	-99	0	THA
82	1	IRR1	0	167	1800	0.8	0.8	0	LAO
82	2	RFR1	0.002086302	167	1800	0	1	0	LAO
82	3	IRR2	0.001655399	357	1800	0.8	0.8	0	LAO
82	4	RFR2	0	357	1800	0	1	0	LAO
82	5	IRRU	0.000632257	71	1800	0.8	0.8	0	LAO
82	6	AGRL	0.00714783	71	1800	0	1	0	LAO
82	7	FRSE	0.988478211	-99	-99	-99	-99	0	LAO
83	1	IRR1	0	167	1800	0.8	0.8	0	LAO
83	2	RFR1	0.08347392	167	1800	0	1	0	LAO
83	3	IRR2	0.037457249	357	1800	0.8	0.8	0	LAO
83	4	RFR2	0	357	1800	0	1	0	LAO
83	5	IRRU	0.002657802	134	1800	0.8	0.8	0	LAO
83	6	AGRL	0.053811027	134	1800	0	1	0	LAO
83	7	FRSE	0.822600001	-99	-99	-99	-99	0	LAO
84	1	IRR1	0	167	1800	0.8	0.8	0	LAO
84	2	RFR1	0.00283982	167	1800	0	1	0	LAO
84	3	IRR2	0.000260092	357	1800	0.8	0.8	0	LAO
84	4	RFR2	0	357	1800	0	1	0	LAO
84	5	IRRU	6.80724E-05	134	1800	0.8	0.8	0	LAO
84	6	AGRL	0.002520857	134	1800	0	1	0	LAO
84	7	FRSE	0.994311159	-99	-99	-99	-99	0	LAO
85	1	IRR1	0	167	1800	0.8	0.8	0	LAO
85	2	RFR1	0.029163899	167	1800	0	1	0	LAO
85	3	IRR2	0.098381994	357	1800	0.8	0.8	0	LAO
85	4	RFR2	0	357	1800	0	1	0	LAO
85	5	IRRU	0.040802446	134	1800	0.8	0.8	0	LAO
85	6	AGRL	0.014582969	134	1800	0	1	0	LAO
85	7	FRSE	0.817068691	-99	-99	-99	-99	0	LAO
86	1	IRR1	0	167	1800	0.8	0.8	0	LAO
86	2	RFR1	0.002712718	167	1800	0	1	0	LAO
86	3	IRR2	0.001573969	357	1800	0.8	0.8	0	LAO
86	4	RFR2	0	357	1800	0	1	0	LAO
86	5	IRRU	0.000476443	134	1800	0.8	0.8	0	LAO
86	6	AGRL	0.001440648	134	1800	0	1	0	LAO
86	7	FRSE	0.993796222	-99	-99	-99	-99	0	LAO
87	1	IRR1	0	185	1800	0.8	0.8	0	LAO
87	2	RFR1	0.094404599	185	1800	0	1	0	LAO
87	3	IRR2	0.123057907	37	1800	0.8	0.8	0	LAO
87	4	RFR2	0	37	1800	0	1	0	LAO
87	5	IRRU	0.031507442	134	1800	0.8	0.8	0	LAO
87	6	AGRL	0.090055661	134	1800	0	1	0	LAO
87	7	FRSE	0.660974391	-99	-99	-99	-99	0	LAO
88	1	IRR1	0.052660185	185	1800	0.8	0.8	0	THA
88	2	RFR1	0.149878396	185	1800	0	1	0	THA
88	3	IRR2	0.043085606	37	1800	0.8	0.8	0	THA
88	4	RFR2	0	37	1800	0	1	0	THA
88	5	IRRU	3.11577E-06	134	1800	0.8	0.8	0	THA
88	6	AGRL	0.130293836	134	1800	0	1	0	THA
88	7	FRSE	0.624078861	-99	-99	-99	-99	0	THA
89	1	IRR1	0.092820083	185	1800	0.8	0.8	0	THA
89	2	RFR1	0.137386936	185	1800	0	1	0	THA
89	3	IRR2	0.075943704	37	1800	0.8	0.8	0	THA
89	4	RFR2	0	37	1800	0	1	0	THA
89	5	IRRU	0.001021857	134	1800	0.8	0.8	0	THA
89	6	AGRL	0.104881856	134	1800	0	1	0	THA
89	7	FRSE	0.587945563	-99	-99	-99	-99	0	THA
90	1	IRR1	0.078983988	185	1800	0.8	0.8	0	THA
90	2	RFR1	0.125822836	185	1800	0	1	0	THA
90	3	IRR2	0.064623263	37	1800	0.8	0.8	0	THA
90	4	RFR2	0	37	1800	0	1	0	THA
90	5	IRRU	0.000272415	134	1800	0.8	0.8	0	THA
90	6	AGRL	0.079138252	134	1800	0	1	0	THA
90	7	FRSE	0.651159246	-99	-99	-99	-99	0	THA
91	1	IRR1	0.018024038	185	1800	0.8	0.8	0	THA
91	2	RFR1	0.170993018	185	1800	0	1	0	THA
91	3	IRR2	0.01474694	37	1800	0.8	0.8	0	THA
91	4	RFR2	0	37	1800	0	1	0	THA
91	5	IRRU	0.000750293	134	1800	0.8	0.8	0	THA
91	6	AGRL	0.16122133	134	1800	0	1	0	THA
91	7	FRSE	0.634264381	-99	-99	-99	-99	0	THA
92	1	IRR1	0	167	1800	0.8	0.8	0	LAO
92	2	RFR1	0.023359032	167	1800	0	1	0	LAO
92	3	IRR2	0.045816265	357	1800	0.8	0.8	0	LAO
92	4	RFR2	0	357	1800	0	1	0	LAO
92	5	IRRU	0.02798021	134	1800	0.8	0.8	0	LAO
92	6	AGRL	0.031847687	134	1800	0	1	0	LAO
92	7	FRSE	0.870996806	-99	-99	-99	-99	0	LAO
93	1	IRR1	0.073897481	185	1800	0.8	0.8	0	THA
93	2	RFR1	0.000340576	185	1800	0	1	0	THA
93	3	IRR2	0.060461575	37	1800	0.8	0.8	0	THA
93	4	RFR2	0	37	1800	0	1	0	THA
93	5	IRRU	0.032964537	134	1800	0.8	0.8	0	THA
93	6	AGRL	0.141360048	134	1800	0	1	0	THA
93	7	FRSE	0.690975784	-99	-99	-99	-99	0	THA
94	1	IRR1	0.007629034	185	1800	0.8	0.8	0	THA
94	2	RFR1	0.010226954	185	1800	0	1	0	THA
94	3	IRR2	0.006241937	37	1800	0.8	0.8	0	THA
94	4	RFR2	0	37	1800	0	1	0	THA
94	5	IRRU	0.003875437	134	1800	0.8	0.8	0	THA
94	6	AGRL	0.122205985	134	1800	0	1	0	THA
94	7	FRSE	0.849820653	-99	-99	-99	-99	0	THA
95	1	IRR1	0.017773985	185	1800	0.8	0.8	0	THA
95	2	RFR1	0.175683585	185	1800	0	1	0	THA
95	3	IRR2	0.014542351	37	1800	0.8	0.8	0	THA
95	4	RFR2	0	37	1800	0	1	0	THA
95	5	IRRU	3.32386E-06	134	1800	0.8	0.8	0	THA
95	6	AGRL	0.128084894	134	1800	0	1	0	THA
95	7	FRSE	0.663911861	-99	-99	-99	-99	0	THA
96	1	IRR1	0	167	1800	0.8	0.8	0	LAO
96	2	RFR1	0.010683115	167	1800	0	1	0	LAO
96	3	IRR2	0.027939905	357	1800	0.8	0.8	0	LAO
96	4	RFR2	0	357	1800	0	1	0	LAO
96	5	IRRU	0.004902978	134	1800	0.8	0.8	0	LAO
96	6	AGRL	0.004173554	134	1800	0	1	0	LAO
96	7	FRSE	0.952300448	-99	-99	-99	-99	0	LAO
97	1	IRR1	0.055217156	185	1800	0.8	0.8	0	THA
97	2	RFR1	0.189661834	185	1800	0	1	0	THA
97	3	IRR2	0.045177673	37	1800	0.8	0.8	0	THA
97	4	RFR2	0	37	1800	0	1	0	THA
97	5	IRRU	3.13654E-06	134	1800	0.8	0.8	0	THA
97	6	AGRL	0.107988719	134	1800	0	1	0	THA
97	7	FRSE	0.601951482	-99	-99	-99	-99	0	THA
98	1	IRR1	0.026676089	185	1800	0.8	0.8	0	THA
98	2	RFR1	0.163293112	185	1800	0	1	0	THA
98	3	IRR2	0.021825891	37	1800	0.8	0.8	0	THA
98	4	RFR2	0	37	1800	0	1	0	THA
98	5	IRRU	0.002049296	134	1800	0.8	0.8	0	THA
98	6	AGRL	0.14880158	134	1800	0	1	0	THA
98	7	FRSE	0.637354032	-99	-99	-99	-99	0	THA
99	1	IRR1	0	167	1800	0.8	0.8	0	LAO
99	2	RFR1	0.061487452	167	1800	0	1	0	LAO
99	3	IRR2	0.044372454	357	1800	0.8	0.8	0	LAO
99	4	RFR2	0	357	1800	0	1	0	LAO
99	5	IRRU	0.002612871	134	1800	0.8	0.8	0	LAO
99	6	AGRL	0.05221086	134	1800	0	1	0	LAO
99	7	FRSE	0.839316364	-99	-99	-99	-99	0	LAO
100	1	IRR1	0	167	1800	0.8	0.8	0	LAO
100	2	RFR1	0.012531758	167	1800	0	1	0	LAO
100	3	IRR2	0.009023986	357	1800	0.8	0.8	0	LAO
100	4	RFR2	0	357	1800	0	1	0	LAO
100	5	IRRU	0.001441088	134	1800	0.8	0.8	0	LAO
100	6	AGRL	0.004939736	134	1800	0	1	0	LAO
100	7	FRSE	0.972063431	-99	-99	-99	-99	0	LAO
101	1	IRR1	0	167	1800	0.8	0.8	0	LAO
101	2	RFR1	0.080883531	167	1800	0	1	0	LAO
101	3	IRR2	0.085904976	357	1800	0.8	0.8	0	LAO
101	4	RFR2	0	357	1800	0	1	0	LAO
101	5	IRRU	0.025880628	134	1800	0.8	0.8	0	LAO
101	6	AGRL	0.008865148	134	1800	0	1	0	LAO
101	7	FRSE	0.798465717	-99	-99	-99	-99	0	LAO
102	1	IRR1	0	167	1800	0.8	0.8	0	LAO
102	2	RFR1	0.02992536	167	1800	0	1	0	LAO
102	3	IRR2	0.00763161	357	1800	0.8	0.8	0	LAO
102	4	RFR2	0	357	1800	0	1	0	LAO
102	5	IRRU	0.003473166	134	1800	0.8	0.8	0	LAO
102	6	AGRL	0.009147525	134	1800	0	1	0	LAO
102	7	FRSE	0.949822339	-99	-99	-99	-99	0	LAO
103	1	IRR1	0.065305646	185	1800	0.8	0.8	0	THA
103	2	RFR1	0.168872035	185	1800	0	1	0	THA
103	3	IRR2	0.053431892	37	1800	0.8	0.8	0	THA
103	4	RFR2	0	37	1800	0	1	0	THA
103	5	IRRU	0.000178636	134	1800	0.8	0.8	0	THA
103	6	AGRL	0.089032032	134	1800	0	1	0	THA
103	7	FRSE	0.623179758	-99	-99	-99	-99	0	THA
104	1	IRR1	0.075637956	185	1800	0.8	0.8	0	THA
104	2	RFR1	0.159072632	185	1800	0	1	0	THA
104	3	IRR2	0.0618856	37	1800	0.8	0.8	0	THA
104	4	RFR2	0	37	1800	0	1	0	THA
104	5	IRRU	0.001139596	134	1800	0.8	0.8	0	THA
104	6	AGRL	0.166782498	134	1800	0	1	0	THA
104	7	FRSE	0.535481719	-99	-99	-99	-99	0	THA
105	1	IRR1	0.054455613	185	1800	0.8	0.8	0	THA
105	2	RFR1	0.261985969	185	1800	0	1	0	THA
105	3	IRR2	0.044554592	37	1800	0.8	0.8	0	THA
105	4	RFR2	0	37	1800	0	1	0	THA
105	5	IRRU	0.000381802	134	1800	0.8	0.8	0	THA
105	6	AGRL	0.076239525	134	1800	0	1	0	THA
105	7	FRSE	0.562382499	-99	-99	-99	-99	0	THA
106	1	IRR1	0.041517741	185	1800	0.8	0.8	0	THA
106	2	RFR1	0.051308343	185	1800	0	1	0	THA
106	3	IRR2	0.033969061	37	1800	0.8	0.8	0	THA
106	4	RFR2	0	37	1800	0	1	0	THA
106	5	IRRU	0.005118596	134	1800	0.8	0.8	0	THA
106	6	AGRL	0.066821185	134	1800	0	1	0	THA
106	7	FRSE	0.801265074	-99	-99	-99	-99	0	THA
107	1	IRR1	0.05164735	185	1800	0.8	0.8	0	THA
107	2	RFR1	0.128737364	185	1800	0	1	0	THA
107	3	IRR2	0.042256922	37	1800	0.8	0.8	0	THA
107	4	RFR2	0	37	1800	0	1	0	THA
107	5	IRRU	0.002687004	134	1800	0.8	0.8	0	THA
107	6	AGRL	0.153382611	134	1800	0	1	0	THA
107	7	FRSE	0.621288749	-99	-99	-99	-99	0	THA
108	1	IRR1	0.057284277	185	1800	0.8	0.8	0	THA
108	2	RFR1	0.046092969	185	1800	0	1	0	THA
108	3	IRR2	0.046868954	37	1800	0.8	0.8	0	THA
108	4	RFR2	0	37	1800	0	1	0	THA
108	5	IRRU	0.000165231	134	1800	0.8	0.8	0	THA
108	6	AGRL	0.117725939	134	1800	0	1	0	THA
108	7	FRSE	0.731862631	-99	-99	-99	-99	0	THA
109	1	IRR1	0.097997354	185	1800	0.8	0.8	0	THA
109	2	RFR1	0.282863066	185	1800	0	1	0	THA
109	3	IRR2	0.080179653	37	1800	0.8	0.8	0	THA
109	4	RFR2	0	37	1800	0	1	0	THA
109	5	IRRU	0.002774125	134	1800	0.8	0.8	0	THA
109	6	AGRL	0.117890153	134	1800	0	1	0	THA
109	7	FRSE	0.418295649	-99	-99	-99	-99	0	THA
110	1	IRR1	0	167	1800	0.8	0.8	0	LAO
110	2	RFR1	0.012292901	167	1800	0	1	0	LAO
110	3	IRR2	0.005940159	357	1800	0.8	0.8	0	LAO
110	4	RFR2	0	357	1800	0	1	0	LAO
110	5	IRRU	0.003624361	151	1800	0.8	0.8	0	LAO
110	6	AGRL	0.015181902	151	1800	0	1	0	LAO
110	7	FRSE	0.962960677	-99	-99	-99	-99	0	LAO
111	1	IRR1	0	167	1800	0.8	0.8	0	LAO
111	2	RFR1	0.072377338	167	1800	0	1	0	LAO
111	3	IRR2	0.036114491	357	1800	0.8	0.8	0	LAO
111	4	RFR2	0	357	1800	0	1	0	LAO
111	5	IRRU	0.012422256	134	1800	0.8	0.8	0	LAO
111	6	AGRL	0.018986745	134	1800	0	1	0	LAO
111	7	FRSE	0.86009917	-99	-99	-99	-99	0	LAO
112	1	IRR1	0	167	1800	0.8	0.8	0	LAO
112	2	RFR1	0.013940035	167	1800	0	1	0	LAO
112	3	IRR2	0.004299984	357	1800	0.8	0.8	0	LAO
112	4	RFR2	0	357	1800	0	1	0	LAO
112	5	IRRU	0.00107497	151	1800	0.8	0.8	0	LAO
112	6	AGRL	0.012067736	151	1800	0	1	0	LAO
112	7	FRSE	0.968617275	-99	-99	-99	-99	0	LAO
113	1	IRR1	0.077874967	185	1800	0.8	0.8	0	THA
113	2	RFR1	0.074876526	185	1800	0	1	0	THA
113	3	IRR2	0.063715882	37	1800	0.8	0.8	0	THA
113	4	RFR2	0	37	1800	0	1	0	THA
113	5	IRRU	0.000973445	134	1800	0.8	0.8	0	THA
113	6	AGRL	0.179979205	134	1800	0	1	0	THA
113	7	FRSE	0.602579975	-99	-99	-99	-99	0	THA
114	1	IRR1	0.033501708	185	1800	0.8	0.8	0	THA
114	2	RFR1	0.241070102	185	1800	0	1	0	THA
114	3	IRR2	0.027410488	37	1800	0.8	0.8	0	THA
114	4	RFR2	0	37	1800	0	1	0	THA
114	5	IRRU	9.68134E-07	134	1800	0.8	0.8	0	THA
114	6	AGRL	0.140911123	134	1800	0	1	0	THA
114	7	FRSE	0.557105611	-99	-99	-99	-99	0	THA
115	1	IRR1	0	167	1800	0.8	0.8	0	LAO
115	2	RFR1	0.032859858	167	1800	0	1	0	LAO
115	3	IRR2	0.008725593	357	1800	0.8	0.8	0	LAO
115	4	RFR2	0	357	1800	0	1	0	LAO
115	5	IRRU	0.003652706	151	1800	0.8	0.8	0	LAO
115	6	AGRL	0.012226961	151	1800	0	1	0	LAO
115	7	FRSE	0.942534882	-99	-99	-99	-99	0	LAO
116	1	IRR1	0.090882022	185	1800	0.8	0.8	0	THA
116	2	RFR1	0.266769296	185	1800	0	1	0	THA
116	3	IRR2	0.074358018	37	1800	0.8	0.8	0	THA
116	4	RFR2	0	37	1800	0	1	0	THA
116	5	IRRU	0.000451811	134	1800	0.8	0.8	0	THA
116	6	AGRL	0.120763922	134	1800	0	1	0	THA
116	7	FRSE	0.446774932	-99	-99	-99	-99	0	THA
117	1	IRR1	0	167	1800	0.8	0.8	0	LAO
117	2	RFR1	0.093898719	167	1800	0	1	0	LAO
117	3	IRR2	0.029320927	357	1800	0.8	0.8	0	LAO
117	4	RFR2	0	357	1800	0	1	0	LAO
117	5	IRRU	0.010937204	151	1800	0.8	0.8	0	LAO
117	6	AGRL	0.010421983	151	1800	0	1	0	LAO
117	7	FRSE	0.855421168	-99	-99	-99	-99	0	LAO
118	1	IRR1	0.035257259	185	1800	0.8	0.8	0	THA
118	2	RFR1	0.418990308	185	1800	0	1	0	THA
118	3	IRR2	0.028846848	37	1800	0.8	0.8	0	THA
118	4	RFR2	0	37	1800	0	1	0	THA
118	5	IRRU	3.71685E-06	134	1800	0.8	0.8	0	THA
118	6	AGRL	0.094021255	134	1800	0	1	0	THA
118	7	FRSE	0.422880613	-99	-99	-99	-99	0	THA
119	1	IRR1	0	227	1800	0.8	0.8	0	LAO
119	2	RFR1	0.00343868	227	1800	0	1	0	LAO
119	3	IRR2	0.001287828	18	1800	0.8	0.8	0	LAO
119	4	RFR2	0	18	1800	0	1	0	LAO
119	5	IRRU	0.000801649	151	1800	0.8	0.8	0	LAO
119	6	AGRL	0.009739937	151	1800	0	1	0	LAO
119	7	FRSE	0.984731906	-99	-99	-99	-99	0	LAO
120	1	IRR1	0.04339806	185	1800	0.8	0.8	0	THA
120	2	RFR1	0.328735145	185	1800	0	1	0	THA
120	3	IRR2	0.035507503	37	1800	0.8	0.8	0	THA
120	4	RFR2	0	37	1800	0	1	0	THA
120	5	IRRU	4.36011E-06	134	1800	0.8	0.8	0	THA
120	6	AGRL	0.077447668	134	1800	0	1	0	THA
120	7	FRSE	0.514907263	-99	-99	-99	-99	0	THA
121	1	IRR1	0	167	1800	0.8	0.8	0	LAO
121	2	RFR1	0.053075237	167	1800	0	1	0	LAO
121	3	IRR2	0.030247005	357	1800	0.8	0.8	0	LAO
121	4	RFR2	0	357	1800	0	1	0	LAO
121	5	IRRU	0.002895149	151	1800	0.8	0.8	0	LAO
121	6	AGRL	0.032633104	151	1800	0	1	0	LAO
121	7	FRSE	0.881149505	-99	-99	-99	-99	0	LAO
122	1	IRR1	0	167	1800	0.8	0.8	0	LAO
122	2	RFR1	0.041192131	167	1800	0	1	0	LAO
122	3	IRR2	0.008289326	357	1800	0.8	0.8	0	LAO
122	4	RFR2	0	357	1800	0	1	0	LAO
122	5	IRRU	0.001171317	151	1800	0.8	0.8	0	LAO
122	6	AGRL	0.047487846	151	1800	0	1	0	LAO
122	7	FRSE	0.90185938	-99	-99	-99	-99	0	LAO
123	1	IRR1	0.038778619	185	1800	0.8	0.8	0	THA
123	2	RFR1	0.244999317	185	1800	0	1	0	THA
123	3	IRR2	0.031727961	37	1800	0.8	0.8	0	THA
123	4	RFR2	0	37	1800	0	1	0	THA
123	5	IRRU	1.54849E-05	134	1800	0.8	0.8	0	THA
123	6	AGRL	0.10445074	134	1800	0	1	0	THA
123	7	FRSE	0.580027879	-99	-99	-99	-99	0	THA
124	1	IRR1	0.107184749	185	1800	0.8	0.8	0	THA
124	2	RFR1	0.321924541	185	1800	0	1	0	THA
124	3	IRR2	0.087696613	37	1800	0.8	0.8	0	THA
124	4	RFR2	0	37	1800	0	1	0	THA
124	5	IRRU	0.000383335	134	1800	0.8	0.8	0	THA
124	6	AGRL	0.07590037	134	1800	0	1	0	THA
124	7	FRSE	0.406910393	-99	-99	-99	-99	0	THA
125	1	IRR1	0.061090292	185	1800	0.8	0.8	0	THA
125	2	RFR1	0.180394823	185	1800	0	1	0	THA
125	3	IRR2	0.049982966	37	1800	0.8	0.8	0	THA
125	4	RFR2	0	37	1800	0	1	0	THA
125	5	IRRU	7.05408E-06	134	1800	0.8	0.8	0	THA
125	6	AGRL	0.265210558	134	1800	0	1	0	THA
125	7	FRSE	0.443314306	-99	-99	-99	-99	0	THA
126	1	IRR1	0.069526095	185	1800	0.8	0.8	0	THA
126	2	RFR1	0.116060689	185	1800	0	1	0	THA
126	3	IRR2	0.056884986	37	1800	0.8	0.8	0	THA
126	4	RFR2	0	37	1800	0	1	0	THA
126	5	IRRU	0.000399333	134	1800	0.8	0.8	0	THA
126	6	AGRL	0.110530196	134	1800	0	1	0	THA
126	7	FRSE	0.646598701	-99	-99	-99	-99	0	THA
127	1	IRR1	0.111297427	185	1800	0.8	0.8	0	THA
127	2	RFR1	0.303086817	185	1800	0	1	0	THA
127	3	IRR2	0.091061531	37	1800	0.8	0.8	0	THA
127	4	RFR2	0	37	1800	0	1	0	THA
127	5	IRRU	7.57539E-05	134	1800	0.8	0.8	0	THA
127	6	AGRL	0.071274473	134	1800	0	1	0	THA
127	7	FRSE	0.423203998	-99	-99	-99	-99	0	THA
128	1	IRR1	0.056346751	185	1800	0.8	0.8	0	THA
128	2	RFR1	0.260005704	185	1800	0	1	0	THA
128	3	IRR2	0.046101887	37	1800	0.8	0.8	0	THA
128	4	RFR2	0	37	1800	0	1	0	THA
128	5	IRRU	0.000662949	134	1800	0.8	0.8	0	THA
128	6	AGRL	0.182653212	134	1800	0	1	0	THA
128	7	FRSE	0.454229497	-99	-99	-99	-99	0	THA
129	1	IRR1	0.041146179	185	1800	0.8	0.8	0	THA
129	2	RFR1	0.226108296	185	1800	0	1	0	THA
129	3	IRR2	0.033665055	37	1800	0.8	0.8	0	THA
129	4	RFR2	0	37	1800	0	1	0	THA
129	5	IRRU	5.32009E-06	134	1800	0.8	0.8	0	THA
129	6	AGRL	0.22936668	134	1800	0	1	0	THA
129	7	FRSE	0.469708469	-99	-99	-99	-99	0	THA
130	1	IRR1	0.165250002	185	1800	0.8	0.8	0	THA
130	2	RFR1	0.217694957	185	1800	0	1	0	THA
130	3	IRR2	0.135204547	37	1800	0.8	0.8	0	THA
130	4	RFR2	0	37	1800	0	1	0	THA
130	5	IRRU	3.63414E-05	134	1800	0.8	0.8	0	THA
130	6	AGRL	0.062526137	134	1800	0	1	0	THA
130	7	FRSE	0.419288015	-99	-99	-99	-99	0	THA
131	1	IRR1	0.049104501	185	1800	0.8	0.8	0	THA
131	2	RFR1	0.190855918	185	1800	0	1	0	THA
131	3	IRR2	0.04017641	37	1800	0.8	0.8	0	THA
131	4	RFR2	0	37	1800	0	1	0	THA
131	5	IRRU	0.000698124	134	1800	0.8	0.8	0	THA
131	6	AGRL	0.139837357	134	1800	0	1	0	THA
131	7	FRSE	0.57932769	-99	-99	-99	-99	0	THA
132	1	IRR1	0.031108214	185	1800	0.8	0.8	0	THA
132	2	RFR1	0.350244805	185	1800	0	1	0	THA
132	3	IRR2	0.025452175	37	1800	0.8	0.8	0	THA
132	4	RFR2	0	37	1800	0	1	0	THA
132	5	IRRU	8.33669E-06	134	1800	0.8	0.8	0	THA
132	6	AGRL	0.093458338	134	1800	0	1	0	THA
132	7	FRSE	0.499728131	-99	-99	-99	-99	0	THA
133	1	IRR1	0.100003813	185	1800	0.8	0.8	0	THA
133	2	RFR1	0.251483282	185	1800	0	1	0	THA
133	3	IRR2	0.081821301	37	1800	0.8	0.8	0	THA
133	4	RFR2	0	37	1800	0	1	0	THA
133	5	IRRU	3.53575E-06	134	1800	0.8	0.8	0	THA
133	6	AGRL	0.10608923	134	1800	0	1	0	THA
133	7	FRSE	0.460598838	-99	-99	-99	-99	0	THA
134	1	IRR1	0.080056732	185	1800	0.8	0.8	0	THA
134	2	RFR1	0.300450076	185	1800	0	1	0	THA
134	3	IRR2	0.065500962	37	1800	0.8	0.8	0	THA
134	4	RFR2	0	37	1800	0	1	0	THA
134	5	IRRU	0.001097551	134	1800	0.8	0.8	0	THA
134	6	AGRL	0.11435798	134	1800	0	1	0	THA
134	7	FRSE	0.4385367	-99	-99	-99	-99	0	THA
135	1	IRR1	0	167	1800	0.8	0.8	0	LAO
135	2	RFR1	0.048210504	167	1800	0	1	0	LAO
135	3	IRR2	0.016429708	357	1800	0.8	0.8	0	LAO
135	4	RFR2	0	357	1800	0	1	0	LAO
135	5	IRRU	0.000827748	151	1800	0.8	0.8	0	LAO
135	6	AGRL	0.051779595	151	1800	0	1	0	LAO
135	7	FRSE	0.882752445	-99	-99	-99	-99	0	LAO
136	1	IRR1	0.019124391	167	1800	0.8	0.8	0	THA
136	2	RFR1	0.012129067	167	1800	0	1	0	THA
136	3	IRR2	0.015647229	357	1800	0.8	0.8	0	THA
136	4	RFR2	0	357	1800	0	1	0	THA
136	5	IRRU	0.000105438	151	1800	0.8	0.8	0	THA
136	6	AGRL	0.046378009	151	1800	0	1	0	THA
136	7	FRSE	0.906615866	-99	-99	-99	-99	0	THA
137	1	IRR1	0.150173487	185	1800	0.8	0.8	0	THA
137	2	RFR1	0	185	1800	0	1	0	THA
137	3	IRR2	0.122869217	37	1800	0.8	0.8	0	THA
137	4	RFR2	0	37	1800	0	1	0	THA
137	5	IRRU	8.95018E-05	134	1800	0.8	0.8	0	THA
137	6	AGRL	0.053365491	134	1800	0	1	0	THA
137	7	FRSE	0.673502303	-99	-99	-99	-99	0	THA
138	1	IRR1	0.094547742	185	1800	0.8	0.8	0	THA
138	2	RFR1	0.032522931	185	1800	0	1	0	THA
138	3	IRR2	0.077357244	37	1800	0.8	0.8	0	THA
138	4	RFR2	0	37	1800	0	1	0	THA
138	5	IRRU	0.001827567	134	1800	0.8	0.8	0	THA
138	6	AGRL	0.087557419	134	1800	0	1	0	THA
138	7	FRSE	0.706187097	-99	-99	-99	-99	0	THA
139	1	IRR1	0.05337956	185	1800	0.8	0.8	0	THA
139	2	RFR1	0	185	1800	0	1	0	THA
139	3	IRR2	0.043674185	37	1800	0.8	0.8	0	THA
139	4	RFR2	0	37	1800	0	1	0	THA
139	5	IRRU	3.32797E-05	134	1800	0.8	0.8	0	THA
139	6	AGRL	0.061366435	134	1800	0	1	0	THA
139	7	FRSE	0.84154654	-99	-99	-99	-99	0	THA
140	1	IRR1	0.118549141	185	1800	0.8	0.8	0	THA
140	2	RFR1	0	185	1800	0	1	0	THA
140	3	IRR2	0.096994752	37	1800	0.8	0.8	0	THA
140	4	RFR2	0	37	1800	0	1	0	THA
140	5	IRRU	0.001206738	134	1800	0.8	0.8	0	THA
140	6	AGRL	0.067665279	134	1800	0	1	0	THA
140	7	FRSE	0.71558409	-99	-99	-99	-99	0	THA
141	1	IRR1	0.011215829	185	1800	0.8	0.8	0	THA
141	2	RFR1	0.328831036	185	1800	0	1	0	THA
141	3	IRR2	0.009176587	37	1800	0.8	0.8	0	THA
141	4	RFR2	0	37	1800	0	1	0	THA
141	5	IRRU	5.24793E-07	134	1800	0.8	0.8	0	THA
141	6	AGRL	0.135386225	134	1800	0	1	0	THA
141	7	FRSE	0.515389798	-99	-99	-99	-99	0	THA
142	1	IRR1	0.024602511	185	1800	0.8	0.8	0	THA
142	2	RFR1	0.001842408	185	1800	0	1	0	THA
142	3	IRR2	0.020129327	37	1800	0.8	0.8	0	THA
142	4	RFR2	0	37	1800	0	1	0	THA
142	5	IRRU	5.02239E-05	134	1800	0.8	0.8	0	THA
142	6	AGRL	0.039368123	134	1800	0	1	0	THA
142	7	FRSE	0.914007408	-99	-99	-99	-99	0	THA
143	1	IRR1	0	167	1800	0.8	0.8	0	LAO
143	2	RFR1	0.016769148	167	1800	0	1	0	LAO
143	3	IRR2	0.009592259	357	1800	0.8	0.8	0	LAO
143	4	RFR2	0	357	1800	0	1	0	LAO
143	5	IRRU	0.001328326	151	1800	0.8	0.8	0	LAO
143	6	AGRL	0.020942493	151	1800	0	1	0	LAO
143	7	FRSE	0.951367773	-99	-99	-99	-99	0	LAO
144	1	IRR1	0.080505826	185	1800	0.8	0.8	0	THA
144	2	RFR1	0	185	1800	0	1	0	THA
144	3	IRR2	0.065868403	37	1800	0.8	0.8	0	THA
144	4	RFR2	0	37	1800	0	1	0	THA
144	5	IRRU	3.20433E-05	134	1800	0.8	0.8	0	THA
144	6	AGRL	0.097106451	134	1800	0	1	0	THA
144	7	FRSE	0.756487276	-99	-99	-99	-99	0	THA
145	1	IRR1	0	167	1800	0.8	0.8	0	LAO
145	2	RFR1	0.052360081	167	1800	0	1	0	LAO
145	3	IRR2	0.008245153	357	1800	0.8	0.8	0	LAO
145	4	RFR2	0	357	1800	0	1	0	LAO
145	5	IRRU	0.000425978	151	1800	0.8	0.8	0	LAO
145	6	AGRL	0.008439969	151	1800	0	1	0	LAO
145	7	FRSE	0.93052882	-99	-99	-99	-99	0	LAO
146	1	IRR1	0.033570374	185	1800	0.8	0.8	0	THA
146	2	RFR1	0.28011234	185	1800	0	1	0	THA
146	3	IRR2	0.02746667	37	1800	0.8	0.8	0	THA
146	4	RFR2	0	37	1800	0	1	0	THA
146	5	IRRU	1.24778E-06	134	1800	0.8	0.8	0	THA
146	6	AGRL	0.150855407	134	1800	0	1	0	THA
146	7	FRSE	0.507993962	-99	-99	-99	-99	0	THA
147	1	IRR1	0.025468689	185	1800	0.8	0.8	0	THA
147	2	RFR1	0.149662904	185	1800	0	1	0	THA
147	3	IRR2	0.020838018	37	1800	0.8	0.8	0	THA
147	4	RFR2	0	37	1800	0	1	0	THA
147	5	IRRU	2.28033E-06	134	1800	0.8	0.8	0	THA
147	6	AGRL	0.338630902	134	1800	0	1	0	THA
147	7	FRSE	0.465397206	-99	-99	-99	-99	0	THA
148	1	IRR1	0	227	1800	0.8	0.8	0	LAO
148	2	RFR1	0.004349479	227	1800	0	1	0	LAO
148	3	IRR2	0.00116869	18	1800	0.8	0.8	0	LAO
148	4	RFR2	0	18	1800	0	1	0	LAO
148	5	IRRU	0.000365719	151	1800	0.8	0.8	0	LAO
148	6	AGRL	0.003047196	151	1800	0	1	0	LAO
148	7	FRSE	0.991068915	-99	-99	-99	-99	0	LAO
149	1	IRR1	0.024058346	185	1800	0.8	0.8	0	THA
149	2	RFR1	0.078561516	185	1800	0	1	0	THA
149	3	IRR2	0.019684102	37	1800	0.8	0.8	0	THA
149	4	RFR2	0	37	1800	0	1	0	THA
149	5	IRRU	1.10759E-05	134	1800	0.8	0.8	0	THA
149	6	AGRL	0.114410682	134	1800	0	1	0	THA
149	7	FRSE	0.763274278	-99	-99	-99	-99	0	THA
150	1	IRR1	0.059677351	185	1800	0.8	0.8	0	THA
150	2	RFR1	0.25031	185	1800	0	1	0	THA
150	3	IRR2	0.048826923	37	1800	0.8	0.8	0	THA
150	4	RFR2	0	37	1800	0	1	0	THA
150	5	IRRU	5.06526E-06	134	1800	0.8	0.8	0	THA
150	6	AGRL	0.100916076	134	1800	0	1	0	THA
150	7	FRSE	0.540264585	-99	-99	-99	-99	0	THA
151	1	IRR1	0.065281495	185	1800	0.8	0.8	0	THA
151	2	RFR1	0.301862246	185	1800	0	1	0	THA
151	3	IRR2	0.053412132	37	1800	0.8	0.8	0	THA
151	4	RFR2	0	37	1800	0	1	0	THA
151	5	IRRU	2.94803E-06	134	1800	0.8	0.8	0	THA
151	6	AGRL	0.111244073	134	1800	0	1	0	THA
151	7	FRSE	0.468197107	-99	-99	-99	-99	0	THA
152	1	IRR1	0	167	1800	0.8	0.8	0	LAO
152	2	RFR1	0.014116364	167	1800	0	1	0	LAO
152	3	IRR2	0.003574644	357	1800	0.8	0.8	0	LAO
152	4	RFR2	0	357	1800	0	1	0	LAO
152	5	IRRU	0.000574685	151	1800	0.8	0.8	0	LAO
152	6	AGRL	0.017649101	151	1800	0	1	0	LAO
152	7	FRSE	0.964085206	-99	-99	-99	-99	0	LAO
153	1	IRR1	0	167	1800	0.8	0.8	0	LAO
153	2	RFR1	0.08876054	167	1800	0	1	0	LAO
153	3	IRR2	0.166070184	357	1800	0.8	0.8	0	LAO
153	4	RFR2	0	357	1800	0	1	0	LAO
153	5	IRRU	0.025166296	151	1800	0.8	0.8	0	LAO
153	6	AGRL	0.165137542	151	1800	0	1	0	LAO
153	7	FRSE	0.554865438	-99	-99	-99	-99	0	LAO
154	1	IRR1	0	167	1800	0.8	0.8	0	LAO
154	2	RFR1	0.010230804	167	1800	0	1	0	LAO
154	3	IRR2	0.003136257	357	1800	0.8	0.8	0	LAO
154	4	RFR2	0	357	1800	0	1	0	LAO
154	5	IRRU	0.000616997	151	1800	0.8	0.8	0	LAO
154	6	AGRL	0.014436384	151	1800	0	1	0	LAO
154	7	FRSE	0.971579558	-99	-99	-99	-99	0	LAO
155	1	IRR1	0.037010927	185	1800	0.8	0.8	0	THA
155	2	RFR1	0.248227079	185	1800	0	1	0	THA
155	3	IRR2	0.030281667	37	1800	0.8	0.8	0	THA
155	4	RFR2	0	37	1800	0	1	0	THA
155	5	IRRU	6.09107E-06	134	1800	0.8	0.8	0	THA
155	6	AGRL	0.105577843	134	1800	0	1	0	THA
155	7	FRSE	0.578896393	-99	-99	-99	-99	0	THA
156	1	IRR1	0	167	1800	0.8	0.8	0	LAO
156	2	RFR1	0.007607959	167	1800	0	1	0	LAO
156	3	IRR2	0.000843635	357	1800	0.8	0.8	0	LAO
156	4	RFR2	0	357	1800	0	1	0	LAO
156	5	IRRU	7.86477E-05	151	1800	0.8	0.8	0	LAO
156	6	AGRL	0.008185744	151	1800	0	1	0	LAO
156	7	FRSE	0.983284015	-99	-99	-99	-99	0	LAO
157	1	IRR1	0	167	1800	0.8	0.8	0	LAO
157	2	RFR1	0.007011206	167	1800	0	1	0	LAO
157	3	IRR2	8.9789E-05	357	1800	0.8	0.8	0	LAO
157	4	RFR2	0	357	1800	0	1	0	LAO
157	5	IRRU	8.12427E-06	151	1800	0.8	0.8	0	LAO
157	6	AGRL	0.007143494	151	1800	0	1	0	LAO
157	7	FRSE	0.985747387	-99	-99	-99	-99	0	LAO
158	1	IRR1	0.024903108	185	1800	0.8	0.8	0	THA
158	2	RFR1	0.07993255	185	1800	0	1	0	THA
158	3	IRR2	0.02037527	37	1800	0.8	0.8	0	THA
158	4	RFR2	0	37	1800	0	1	0	THA
158	5	IRRU	3.88593E-07	134	1800	0.8	0.8	0	THA
158	6	AGRL	0.326467134	134	1800	0	1	0	THA
158	7	FRSE	0.54832155	-99	-99	-99	-99	0	THA
159	1	IRR1	0.031450723	185	1800	0.8	0.8	0	THA
159	2	RFR1	0.092655135	185	1800	0	1	0	THA
159	3	IRR2	0.02573241	37	1800	0.8	0.8	0	THA
159	4	RFR2	0	37	1800	0	1	0	THA
159	5	IRRU	4.15015E-07	134	1800	0.8	0.8	0	THA
159	6	AGRL	0.232226655	134	1800	0	1	0	THA
159	7	FRSE	0.617934662	-99	-99	-99	-99	0	THA
160	1	IRR1	0	167	1800	0.8	0.8	0	LAO
160	2	RFR1	0.007710212	167	1800	0	1	0	LAO
160	3	IRR2	0.004483893	357	1800	0.8	0.8	0	LAO
160	4	RFR2	0	357	1800	0	1	0	LAO
160	5	IRRU	0.000347071	151	1800	0.8	0.8	0	LAO
160	6	AGRL	0.002310164	151	1800	0	1	0	LAO
160	7	FRSE	0.985148659	-99	-99	-99	-99	0	LAO
161	1	IRR1	0	167	1800	0.8	0.8	0	LAO
161	2	RFR1	0.105263711	167	1800	0	1	0	LAO
161	3	IRR2	0.046902764	357	1800	0.8	0.8	0	LAO
161	4	RFR2	0	357	1800	0	1	0	LAO
161	5	IRRU	0.000577388	151	1800	0.8	0.8	0	LAO
161	6	AGRL	0.004023439	151	1800	0	1	0	LAO
161	7	FRSE	0.843232699	-99	-99	-99	-99	0	LAO
162	1	IRR1	0	167	1800	0.8	0.8	0	LAO
162	2	RFR1	0.003251393	167	1800	0	1	0	LAO
162	3	IRR2	0.001443395	357	1800	0.8	0.8	0	LAO
162	4	RFR2	0	357	1800	0	1	0	LAO
162	5	IRRU	0.006306714	151	1800	0.8	0.8	0	LAO
162	6	AGRL	0.008675154	151	1800	0	1	0	LAO
162	7	FRSE	0.980323344	-99	-99	-99	-99	0	LAO
163	1	IRR1	0	227	1800	0.8	0.8	0	VNM
163	2	RFR1	0	227	1800	0	1	0	VNM
163	3	IRR2	0	18	1800	0.8	0.8	0	VNM
163	4	RFR2	0	18	1800	0	1	0	VNM
163	5	IRRU	0	151	1800	0.8	0.8	0	VNM
163	6	AGRL	0	151	1800	0	1	0	VNM
163	7	FRSE	1	-99	-99	-99	-99	0	VNM
164	1	IRR1	0	167	1800	0.8	0.8	0	LAO
164	2	RFR1	0.005563387	167	1800	0	1	0	LAO
164	3	IRR2	0.003351068	357	1800	0.8	0.8	0	LAO
164	4	RFR2	0	357	1800	0	1	0	LAO
164	5	IRRU	0.000320413	151	1800	0.8	0.8	0	LAO
164	6	AGRL	0.002525141	151	1800	0	1	0	LAO
164	7	FRSE	0.988239991	-99	-99	-99	-99	0	LAO
165	1	IRR1	0.000146113	220	1800	0.8	0.8	0	KHM
165	2	RFR1	0.014372297	220	1800	0	1	0	KHM
165	3	IRR2	0.00021917	350	1800	0.8	0.8	0	KHM
165	4	RFR2	0	350	1800	0	1	0	KHM
165	5	IRRU	0.000192161	151	1800	0.8	0.8	0	KHM
165	6	AGRL	0.004672178	151	1800	0	1	0	KHM
165	7	FRSE	0.98039808	-99	-99	-99	-99	0	KHM
166	1	IRR1	0	227	1800	0.8	0.8	0	VNM
166	2	RFR1	0	227	1800	0	1	0	VNM
166	3	IRR2	0	18	1800	0.8	0.8	0	VNM
166	4	RFR2	0	18	1800	0	1	0	VNM
166	5	IRRU	0	151	1800	0.8	0.8	0	VNM
166	6	AGRL	0	151	1800	0	1	0	VNM
166	7	FRSE	1	-99	-99	-99	-99	0	VNM
167	1	IRR1	0	227	1800	0.8	0.8	0	VNM
167	2	RFR1	0	227	1800	0	1	0	VNM
167	3	IRR2	0	18	1800	0.8	0.8	0	VNM
167	4	RFR2	0	18	1800	0	1	0	VNM
167	5	IRRU	0	151	1800	0.8	0.8	0	VNM
167	6	AGRL	0	151	1800	0	1	0	VNM
167	7	FRSE	1	-99	-99	-99	-99	0	VNM
168	1	IRR1	0.00109159	220	1800	0.8	0.8	0	KHM
168	2	RFR1	0.032930062	220	1800	0	1	0	KHM
168	3	IRR2	0.001637385	350	1800	0.8	0.8	0	KHM
168	4	RFR2	0	350	1800	0	1	0	KHM
168	5	IRRU	0.000180184	151	1800	0.8	0.8	0	KHM
168	6	AGRL	0.005199609	151	1800	0	1	0	KHM
168	7	FRSE	0.958961168	-99	-99	-99	-99	0	KHM
169	1	IRR1	0	167	1800	0.8	0.8	0	LAO
169	2	RFR1	0.015342555	167	1800	0	1	0	LAO
169	3	IRR2	0.019135837	357	1800	0.8	0.8	0	LAO
169	4	RFR2	0	357	1800	0	1	0	LAO
169	5	IRRU	0.002382415	151	1800	0.8	0.8	0	LAO
169	6	AGRL	0.008756969	151	1800	0	1	0	LAO
169	7	FRSE	0.954382224	-99	-99	-99	-99	0	LAO
170	1	IRR1	0	167	1800	0.8	0.8	0	LAO
170	2	RFR1	0.05589988	167	1800	0	1	0	LAO
170	3	IRR2	0.068464655	357	1800	0.8	0.8	0	LAO
170	4	RFR2	0	357	1800	0	1	0	LAO
170	5	IRRU	0.012531316	151	1800	0.8	0.8	0	LAO
170	6	AGRL	0.035444197	151	1800	0	1	0	LAO
170	7	FRSE	0.827659952	-99	-99	-99	-99	0	LAO
171	1	IRR1	0.002591901	220	1800	0.8	0.8	0	KHM
171	2	RFR1	0.111310699	220	1800	0	1	0	KHM
171	3	IRR2	0.003887852	350	1800	0.8	0.8	0	KHM
171	4	RFR2	0	350	1800	0	1	0	KHM
171	5	IRRU	0.000412572	151	1800	0.8	0.8	0	KHM
171	6	AGRL	0.019452864	151	1800	0	1	0	KHM
171	7	FRSE	0.862344112	-99	-99	-99	-99	0	KHM
172	1	IRR1	0.000268207	220	1800	0.8	0.8	0	KHM
172	2	RFR1	0.010397765	220	1800	0	1	0	KHM
172	3	IRR2	0.000402311	350	1800	0.8	0.8	0	KHM
172	4	RFR2	0	350	1800	0	1	0	KHM
172	5	IRRU	3.05031E-06	151	1800	0.8	0.8	0	KHM
172	6	AGRL	0.00832944	151	1800	0	1	0	KHM
172	7	FRSE	0.980599227	-99	-99	-99	-99	0	KHM
173	1	IRR1	0.004389875	220	1800	0.8	0.8	0	KHM
173	2	RFR1	0.169552529	220	1800	0	1	0	KHM
173	3	IRR2	0.006584812	350	1800	0.8	0.8	0	KHM
173	4	RFR2	0	350	1800	0	1	0	KHM
173	5	IRRU	0.000111586	151	1800	0.8	0.8	0	KHM
173	6	AGRL	0.022401287	151	1800	0	1	0	KHM
173	7	FRSE	0.796959912	-99	-99	-99	-99	0	KHM
174	1	IRR1	5.36404E-05	220	1800	0.8	0.8	0	KHM
174	2	RFR1	0.012691359	220	1800	0	1	0	KHM
174	3	IRR2	8.04607E-05	350	1800	0.8	0.8	0	KHM
174	4	RFR2	0	350	1800	0	1	0	KHM
174	5	IRRU	6.27224E-06	151	1800	0.8	0.8	0	KHM
174	6	AGRL	0.008287125	151	1800	0	1	0	KHM
174	7	FRSE	0.978881142	-99	-99	-99	-99	0	KHM
175	1	IRR1	3.54251E-05	220	1800	0.8	0.8	0	KHM
175	2	RFR1	0.010455661	220	1800	0	1	0	KHM
175	3	IRR2	5.31377E-05	350	1800	0.8	0.8	0	KHM
175	4	RFR2	0	350	1800	0	1	0	KHM
175	5	IRRU	3.93336E-06	151	1800	0.8	0.8	0	KHM
175	6	AGRL	0.009461682	151	1800	0	1	0	KHM
175	7	FRSE	0.979990161	-99	-99	-99	-99	0	KHM
176	1	IRR1	7.79249E-05	220	1800	0.8	0.8	0	KHM
176	2	RFR1	0.02405087	220	1800	0	1	0	KHM
176	3	IRR2	0.000116887	350	1800	0.8	0.8	0	KHM
176	4	RFR2	0	350	1800	0	1	0	KHM
176	5	IRRU	9.8018E-06	151	1800	0.8	0.8	0	KHM
176	6	AGRL	0.016073486	151	1800	0	1	0	KHM
176	7	FRSE	0.95967103	-99	-99	-99	-99	0	KHM
177	1	IRR1	0.064958485	220	1800	0.8	0.8	0	THA
177	2	RFR1	0.154746696	220	1800	0	1	0	THA
177	3	IRR2	0.053147851	350	1800	0.8	0.8	0	THA
177	4	RFR2	0	350	1800	0	1	0	THA
177	5	IRRU	0.001365156	151	1800	0.8	0.8	0	THA
177	6	AGRL	0.129465056	151	1800	0	1	0	THA
177	7	FRSE	0.596316756	-99	-99	-99	-99	0	THA
178	1	IRR1	0.036241	220	1800	0.8	0.8	0	KHM
178	2	RFR1	0.161430537	220	1800	0	1	0	KHM
178	3	IRR2	0.0543615	350	1800	0.8	0.8	0	KHM
178	4	RFR2	0	350	1800	0	1	0	KHM
178	5	IRRU	0.000425759	151	1800	0.8	0.8	0	KHM
178	6	AGRL	0.143913856	151	1800	0	1	0	KHM
178	7	FRSE	0.603627347	-99	-99	-99	-99	0	KHM
179	1	IRR1	0.000248019	220	1800	0.8	0.8	0	KHM
179	2	RFR1	0.352831764	220	1800	0	1	0	KHM
179	3	IRR2	0.000372028	350	1800	0.8	0.8	0	KHM
179	4	RFR2	0	350	1800	0	1	0	KHM
179	5	IRRU	7.36832E-08	151	1800	0.8	0.8	0	KHM
179	6	AGRL	0.071087055	151	1800	0	1	0	KHM
179	7	FRSE	0.575461061	-99	-99	-99	-99	0	KHM
180	1	IRR1	0.000272703	220	1800	0.8	0.8	0	KHM
180	2	RFR1	0.02721943	220	1800	0	1	0	KHM
180	3	IRR2	0.000409054	350	1800	0.8	0.8	0	KHM
180	4	RFR2	0	350	1800	0	1	0	KHM
180	5	IRRU	0.000366821	151	1800	0.8	0.8	0	KHM
180	6	AGRL	0.010264432	151	1800	0	1	0	KHM
180	7	FRSE	0.96146756	-99	-99	-99	-99	0	KHM
181	1	IRR1	0.004305132	220	1800	0.8	0.8	0	KHM
181	2	RFR1	0.0879377	220	1800	0	1	0	KHM
181	3	IRR2	0.006457698	350	1800	0.8	0.8	0	KHM
181	4	RFR2	0	350	1800	0	1	0	KHM
181	5	IRRU	0.014079971	151	1800	0.8	0.8	0	KHM
181	6	AGRL	0.164198231	151	1800	0	1	0	KHM
181	7	FRSE	0.723021267	-99	-99	-99	-99	0	KHM
182	1	IRR1	0.001777444	220	1800	0.8	0.8	0	KHM
182	2	RFR1	0.092191182	220	1800	0	1	0	KHM
182	3	IRR2	0.002666166	350	1800	0.8	0.8	0	KHM
182	4	RFR2	0	350	1800	0	1	0	KHM
182	5	IRRU	0.002421871	151	1800	0.8	0.8	0	KHM
182	6	AGRL	0.024079015	151	1800	0	1	0	KHM
182	7	FRSE	0.876864323	-99	-99	-99	-99	0	KHM
183	1	IRR1	0.000876983	220	1800	0.8	0.8	0	KHM
183	2	RFR1	0.066520203	220	1800	0	1	0	KHM
183	3	IRR2	0.001315475	350	1800	0.8	0.8	0	KHM
183	4	RFR2	0	350	1800	0	1	0	KHM
183	5	IRRU	9.74995E-05	151	1800	0.8	0.8	0	KHM
183	6	AGRL	0.015014688	151	1800	0	1	0	KHM
183	7	FRSE	0.916175151	-99	-99	-99	-99	0	KHM
184	1	IRR1	5.3847E-05	220	1800	0.8	0.8	0	KHM
184	2	RFR1	0.028862753	220	1800	0	1	0	KHM
184	3	IRR2	8.07705E-05	350	1800	0.8	0.8	0	KHM
184	4	RFR2	0	350	1800	0	1	0	KHM
184	5	IRRU	0.000111199	151	1800	0.8	0.8	0	KHM
184	6	AGRL	0.009646239	151	1800	0	1	0	KHM
184	7	FRSE	0.961245192	-99	-99	-99	-99	0	KHM
185	1	IRR1	0.00133487	220	1800	0.8	0.8	0	KHM
185	2	RFR1	0.016370522	220	1800	0	1	0	KHM
185	3	IRR2	0.002002304	350	1800	0.8	0.8	0	KHM
185	4	RFR2	0	350	1800	0	1	0	KHM
185	5	IRRU	0.009337529	151	1800	0.8	0.8	0	KHM
185	6	AGRL	0.093614093	151	1800	0	1	0	KHM
185	7	FRSE	0.877340681	-99	-99	-99	-99	0	KHM
186	1	IRR1	0	227	1800	0.8	0.8	0	VNM
186	2	RFR1	0	227	1800	0	1	0	VNM
186	3	IRR2	0	18	1800	0.8	0.8	0	VNM
186	4	RFR2	0	18	1800	0	1	0	VNM
186	5	IRRU	0	151	1800	0.8	0.8	0	VNM
186	6	AGRL	0	151	1800	0	1	0	VNM
186	7	FRSE	1	-99	-99	-99	-99	0	VNM
187	1	IRR1	5.01285E-06	220	1800	0.8	0.8	0	KHM
187	2	RFR1	0.019828182	220	1800	0	1	0	KHM
187	3	IRR2	7.51928E-06	350	1800	0.8	0.8	0	KHM
187	4	RFR2	0	350	1800	0	1	0	KHM
187	5	IRRU	1.7903E-05	151	1800	0.8	0.8	0	KHM
187	6	AGRL	0.007913275	151	1800	0	1	0	KHM
187	7	FRSE	0.972228107	-99	-99	-99	-99	0	KHM
188	1	IRR1	0	220	1800	0.8	0.8	0	KHM
188	2	RFR1	0.193485552	220	1800	0	1	0	KHM
188	3	IRR2	0	350	1800	0.8	0.8	0	KHM
188	4	RFR2	0	350	1800	0	1	0	KHM
188	5	IRRU	0	151	1800	0.8	0.8	0	KHM
188	6	AGRL	0.062023591	151	1800	0	1	0	KHM
188	7	FRSE	0.744490857	-99	-99	-99	-99	0	KHM
189	1	IRR1	0.031734527	220	1800	0.8	0.8	0	KHM
189	2	RFR1	0.232791819	220	1800	0	1	0	KHM
189	3	IRR2	0.047601791	350	1800	0.8	0.8	0	KHM
189	4	RFR2	0	350	1800	0	1	0	KHM
189	5	IRRU	0.00099338	151	1800	0.8	0.8	0	KHM
189	6	AGRL	0.066890563	151	1800	0	1	0	KHM
189	7	FRSE	0.61998792	-99	-99	-99	-99	0	KHM
190	1	IRR1	0.014575409	220	1800	0.8	0.8	0	KHM
190	2	RFR1	0.186980426	220	1800	0	1	0	KHM
190	3	IRR2	0.021863114	350	1800	0.8	0.8	0	KHM
190	4	RFR2	0	350	1800	0	1	0	KHM
190	5	IRRU	0.000324482	151	1800	0.8	0.8	0	KHM
190	6	AGRL	0.027712409	151	1800	0	1	0	KHM
190	7	FRSE	0.748544161	-99	-99	-99	-99	0	KHM
191	1	IRR1	0	227	1800	0.8	0.8	0	VNM
191	2	RFR1	0	227	1800	0	1	0	VNM
191	3	IRR2	0	18	1800	0.8	0.8	0	VNM
191	4	RFR2	0	18	1800	0	1	0	VNM
191	5	IRRU	0	151	1800	0.8	0.8	0	VNM
191	6	AGRL	0	151	1800	0	1	0	VNM
191	7	FRSE	1	-99	-99	-99	-99	0	VNM
192	1	IRR1	0.001587585	220	1800	0.8	0.8	0	KHM
192	2	RFR1	0.094923658	220	1800	0	1	0	KHM
192	3	IRR2	0.002381377	350	1800	0.8	0.8	0	KHM
192	4	RFR2	0	350	1800	0	1	0	KHM
192	5	IRRU	6.40706E-05	151	1800	0.8	0.8	0	KHM
192	6	AGRL	0.073621954	151	1800	0	1	0	KHM
192	7	FRSE	0.827421356	-99	-99	-99	-99	0	KHM
193	1	IRR1	0.000130566	220	1800	0.8	0.8	0	KHM
193	2	RFR1	0.017402452	220	1800	0	1	0	KHM
193	3	IRR2	0.000195849	350	1800	0.8	0.8	0	KHM
193	4	RFR2	0	350	1800	0	1	0	KHM
193	5	IRRU	0.000150439	151	1800	0.8	0.8	0	KHM
193	6	AGRL	0.005819447	151	1800	0	1	0	KHM
193	7	FRSE	0.976301246	-99	-99	-99	-99	0	KHM
194	1	IRR1	0.015462872	220	1800	0.8	0.8	0	KHM
194	2	RFR1	0.05632215	220	1800	0	1	0	KHM
194	3	IRR2	0.023194308	350	1800	0.8	0.8	0	KHM
194	4	RFR2	0	350	1800	0	1	0	KHM
194	5	IRRU	0.001580528	151	1800	0.8	0.8	0	KHM
194	6	AGRL	0.010151364	151	1800	0	1	0	KHM
194	7	FRSE	0.893288779	-99	-99	-99	-99	0	KHM
195	1	IRR1	7.11922E-06	220	1800	0.8	0.8	0	KHM
195	2	RFR1	0.030925911	220	1800	0	1	0	KHM
195	3	IRR2	1.06788E-05	350	1800	0.8	0.8	0	KHM
195	4	RFR2	0	350	1800	0	1	0	KHM
195	5	IRRU	7.23939E-06	151	1800	0.8	0.8	0	KHM
195	6	AGRL	0.012251496	151	1800	0	1	0	KHM
195	7	FRSE	0.956797555	-99	-99	-99	-99	0	KHM
196	1	IRR1	0.004333349	220	1800	0.8	0.8	0	KHM
196	2	RFR1	0.123986483	220	1800	0	1	0	KHM
196	3	IRR2	0.006500023	350	1800	0.8	0.8	0	KHM
196	4	RFR2	0	350	1800	0	1	0	KHM
196	5	IRRU	0.00023606	151	1800	0.8	0.8	0	KHM
196	6	AGRL	0.029857665	151	1800	0	1	0	KHM
196	7	FRSE	0.83508642	-99	-99	-99	-99	0	KHM
197	1	IRR1	0.004905112	220	1800	0.8	0.8	0	KHM
197	2	RFR1	0.133528394	220	1800	0	1	0	KHM
197	3	IRR2	0.007357668	350	1800	0.8	0.8	0	KHM
197	4	RFR2	0	350	1800	0	1	0	KHM
197	5	IRRU	0.000660601	151	1800	0.8	0.8	0	KHM
197	6	AGRL	0.069974397	151	1800	0	1	0	KHM
197	7	FRSE	0.783573828	-99	-99	-99	-99	0	KHM
198	1	IRR1	0.013764688	220	1800	0.8	0.8	0	KHM
198	2	RFR1	0.082908454	220	1800	0	1	0	KHM
198	3	IRR2	0.020647032	350	1800	0.8	0.8	0	KHM
198	4	RFR2	0	350	1800	0	1	0	KHM
198	5	IRRU	0.00051772	151	1800	0.8	0.8	0	KHM
198	6	AGRL	0.014671568	151	1800	0	1	0	KHM
198	7	FRSE	0.867490538	-99	-99	-99	-99	0	KHM
199	1	IRR1	0	220	1800	0.8	0.8	0	KHM
199	2	RFR1	0.064598116	220	1800	0	1	0	KHM
199	3	IRR2	0	350	1800	0.8	0.8	0	KHM
199	4	RFR2	0	350	1800	0	1	0	KHM
199	5	IRRU	0	151	1800	0.8	0.8	0	KHM
199	6	AGRL	0.008721791	151	1800	0	1	0	KHM
199	7	FRSE	0.926680094	-99	-99	-99	-99	0	KHM
200	1	IRR1	0	220	1800	0.8	0.8	0	KHM
200	2	RFR1	0.094125976	220	1800	0	1	0	KHM
200	3	IRR2	0	350	1800	0.8	0.8	0	KHM
200	4	RFR2	0	350	1800	0	1	0	KHM
200	5	IRRU	0	151	1800	0.8	0.8	0	KHM
200	6	AGRL	0.005992142	151	1800	0	1	0	KHM
200	7	FRSE	0.899881882	-99	-99	-99	-99	0	KHM
201	1	IRR1	0.000383029	220	1800	0.8	0.8	0	KHM
201	2	RFR1	0.042753994	220	1800	0	1	0	KHM
201	3	IRR2	0.000574544	350	1800	0.8	0.8	0	KHM
201	4	RFR2	0	350	1800	0	1	0	KHM
201	5	IRRU	0.000104446	151	1800	0.8	0.8	0	KHM
201	6	AGRL	0.016922229	151	1800	0	1	0	KHM
201	7	FRSE	0.939261757	-99	-99	-99	-99	0	KHM
202	1	IRR1	0.008335749	220	1800	0.8	0.8	0	KHM
202	2	RFR1	0.074222797	220	1800	0	1	0	KHM
202	3	IRR2	0.012503623	350	1800	0.8	0.8	0	KHM
202	4	RFR2	0	350	1800	0	1	0	KHM
202	5	IRRU	0.000117118	151	1800	0.8	0.8	0	KHM
202	6	AGRL	0.010074793	151	1800	0	1	0	KHM
202	7	FRSE	0.894745919	-99	-99	-99	-99	0	KHM
203	1	IRR1	0.007352433	220	1800	0.8	0.8	0	KHM
203	2	RFR1	0.044842776	220	1800	0	1	0	KHM
203	3	IRR2	0.011028649	350	1800	0.8	0.8	0	KHM
203	4	RFR2	0	350	1800	0	1	0	KHM
203	5	IRRU	0.0004369	151	1800	0.8	0.8	0	KHM
203	6	AGRL	0.006838935	151	1800	0	1	0	KHM
203	7	FRSE	0.929500308	-99	-99	-99	-99	0	KHM
204	1	IRR1	0.013095368	220	1800	0.8	0.8	0	KHM
204	2	RFR1	0.153402429	220	1800	0	1	0	KHM
204	3	IRR2	0.019643052	350	1800	0.8	0.8	0	KHM
204	4	RFR2	0	350	1800	0	1	0	KHM
204	5	IRRU	0.00069729	151	1800	0.8	0.8	0	KHM
204	6	AGRL	0.015826225	151	1800	0	1	0	KHM
204	7	FRSE	0.797335636	-99	-99	-99	-99	0	KHM
205	1	IRR1	8.17951E-05	220	1800	0.8	0.8	0	KHM
205	2	RFR1	0.016813569	220	1800	0	1	0	KHM
205	3	IRR2	0.000122693	350	1800	0.8	0.8	0	KHM
205	4	RFR2	0	350	1800	0	1	0	KHM
205	5	IRRU	5.45459E-05	151	1800	0.8	0.8	0	KHM
205	6	AGRL	0.008939091	151	1800	0	1	0	KHM
205	7	FRSE	0.973988305	-99	-99	-99	-99	0	KHM
206	1	IRR1	0	227	1800	0.8	0.8	0	VNM
206	2	RFR1	0	227	1800	0	1	0	VNM
206	3	IRR2	0	18	1800	0.8	0.8	0	VNM
206	4	RFR2	0	18	1800	0	1	0	VNM
206	5	IRRU	0	151	1800	0.8	0.8	0	VNM
206	6	AGRL	0	151	1800	0	1	0	VNM
206	7	FRSE	1	-99	-99	-99	-99	0	VNM
207	1	IRR1	0.001738033	220	1800	0.8	0.8	0	KHM
207	2	RFR1	0.061024233	220	1800	0	1	0	KHM
207	3	IRR2	0.00260705	350	1800	0.8	0.8	0	KHM
207	4	RFR2	0	350	1800	0	1	0	KHM
207	5	IRRU	0.000119074	151	1800	0.8	0.8	0	KHM
207	6	AGRL	0.025748841	151	1800	0	1	0	KHM
207	7	FRSE	0.908762769	-99	-99	-99	-99	0	KHM
208	1	IRR1	0.015273537	220	1800	0.8	0.8	0	KHM
208	2	RFR1	0.137553802	220	1800	0	1	0	KHM
208	3	IRR2	0.022910305	350	1800	0.8	0.8	0	KHM
208	4	RFR2	0	350	1800	0	1	0	KHM
208	5	IRRU	0.000390462	151	1800	0.8	0.8	0	KHM
208	6	AGRL	0.026050787	151	1800	0	1	0	KHM
208	7	FRSE	0.797821108	-99	-99	-99	-99	0	KHM
209	1	IRR1	0.001557241	220	1800	0.8	0.8	0	KHM
209	2	RFR1	0.032746828	220	1800	0	1	0	KHM
209	3	IRR2	0.002335861	350	1800	0.8	0.8	0	KHM
209	4	RFR2	0	350	1800	0	1	0	KHM
209	5	IRRU	0.000586351	151	1800	0.8	0.8	0	KHM
209	6	AGRL	0.025976885	151	1800	0	1	0	KHM
209	7	FRSE	0.936796834	-99	-99	-99	-99	0	KHM
210	1	IRR1	0	227	1800	0.8	0.8	0	VNM
210	2	RFR1	0	227	1800	0	1	0	VNM
210	3	IRR2	0	18	1800	0.8	0.8	0	VNM
210	4	RFR2	0	18	1800	0	1	0	VNM
210	5	IRRU	0	151	1800	0.8	0.8	0	VNM
210	6	AGRL	0	151	1800	0	1	0	VNM
210	7	FRSE	1	-99	-99	-99	-99	0	VNM
211	1	IRR1	0.020606382	220	1800	0.8	0.8	0	KHM
211	2	RFR1	0.176971431	220	1800	0	1	0	KHM
211	3	IRR2	0.030909574	350	1800	0.8	0.8	0	KHM
211	4	RFR2	0	350	1800	0	1	0	KHM
211	5	IRRU	0.001098499	151	1800	0.8	0.8	0	KHM
211	6	AGRL	0.077488036	151	1800	0	1	0	KHM
211	7	FRSE	0.692926078	-99	-99	-99	-99	0	KHM
212	1	IRR1	0.003300772	220	1800	0.8	0.8	0	KHM
212	2	RFR1	0.098603945	220	1800	0	1	0	KHM
212	3	IRR2	0.004951157	350	1800	0.8	0.8	0	KHM
212	4	RFR2	0	350	1800	0	1	0	KHM
212	5	IRRU	0.000592906	151	1800	0.8	0.8	0	KHM
212	6	AGRL	0.099256473	151	1800	0	1	0	KHM
212	7	FRSE	0.793294746	-99	-99	-99	-99	0	KHM
213	1	IRR1	0.000709456	220	1800	0.8	0.8	0	KHM
213	2	RFR1	0.02188186	220	1800	0	1	0	KHM
213	3	IRR2	0.001064185	350	1800	0.8	0.8	0	KHM
213	4	RFR2	0	350	1800	0	1	0	KHM
213	5	IRRU	0.001295523	151	1800	0.8	0.8	0	KHM
213	6	AGRL	0.045034159	151	1800	0	1	0	KHM
213	7	FRSE	0.930014817	-99	-99	-99	-99	0	KHM
214	1	IRR1	0.00795192	220	1800	0.8	0.8	0	KHM
214	2	RFR1	0.260982221	220	1800	0	1	0	KHM
214	3	IRR2	0.01192788	350	1800	0.8	0.8	0	KHM
214	4	RFR2	0	350	1800	0	1	0	KHM
214	5	IRRU	9.24647E-05	151	1800	0.8	0.8	0	KHM
214	6	AGRL	0.041157162	151	1800	0	1	0	KHM
214	7	FRSE	0.677888353	-99	-99	-99	-99	0	KHM
215	1	IRR1	0.048885067	220	1800	0.8	0.8	0	KHM
215	2	RFR1	0.204253349	220	1800	0	1	0	KHM
215	3	IRR2	0.0733276	350	1800	0.8	0.8	0	KHM
215	4	RFR2	0	350	1800	0	1	0	KHM
215	5	IRRU	0.003270052	151	1800	0.8	0.8	0	KHM
215	6	AGRL	0.149270694	151	1800	0	1	0	KHM
215	7	FRSE	0.520993239	-99	-99	-99	-99	0	KHM
216	1	IRR1	0.018734819	220	1800	0.8	0.8	0	KHM
216	2	RFR1	0.168415475	220	1800	0	1	0	KHM
216	3	IRR2	0.028102229	350	1800	0.8	0.8	0	KHM
216	4	RFR2	0	350	1800	0	1	0	KHM
216	5	IRRU	0.000438206	151	1800	0.8	0.8	0	KHM
216	6	AGRL	0.045216601	151	1800	0	1	0	KHM
216	7	FRSE	0.739092669	-99	-99	-99	-99	0	KHM
217	1	IRR1	0.045428508	220	1800	0.8	0.8	0	KHM
217	2	RFR1	0.296045305	220	1800	0	1	0	KHM
217	3	IRR2	0.068142762	350	1800	0.8	0.8	0	KHM
217	4	RFR2	0	350	1800	0	1	0	KHM
217	5	IRRU	0.001962777	151	1800	0.8	0.8	0	KHM
217	6	AGRL	0.090497635	151	1800	0	1	0	KHM
217	7	FRSE	0.497923012	-99	-99	-99	-99	0	KHM
218	1	IRR1	0.025862079	220	1800	0.8	0.8	0	KHM
218	2	RFR1	0.306477227	220	1800	0	1	0	KHM
218	3	IRR2	0.038793118	350	1800	0.8	0.8	0	KHM
218	4	RFR2	0	350	1800	0	1	0	KHM
218	5	IRRU	3.6953E-05	151	1800	0.8	0.8	0	KHM
218	6	AGRL	0.061178185	151	1800	0	1	0	KHM
218	7	FRSE	0.567652438	-99	-99	-99	-99	0	KHM
219	1	IRR1	0.023991036	220	1800	0.8	0.8	0	KHM
219	2	RFR1	0.306153551	220	1800	0	1	0	KHM
219	3	IRR2	0.035986554	350	1800	0.8	0.8	0	KHM
219	4	RFR2	0	350	1800	0	1	0	KHM
219	5	IRRU	3.58718E-05	151	1800	0.8	0.8	0	KHM
219	6	AGRL	0.061795093	151	1800	0	1	0	KHM
219	7	FRSE	0.572037894	-99	-99	-99	-99	0	KHM
220	1	IRR1	0.015920908	220	1800	0.8	0.8	0	KHM
220	2	RFR1	0.105216197	220	1800	0	1	0	KHM
220	3	IRR2	0.023881362	350	1800	0.8	0.8	0	KHM
220	4	RFR2	0	350	1800	0	1	0	KHM
220	5	IRRU	0.000973219	151	1800	0.8	0.8	0	KHM
220	6	AGRL	0.037584557	151	1800	0	1	0	KHM
220	7	FRSE	0.816423756	-99	-99	-99	-99	0	KHM
221	1	IRR1	0.038408093	220	1800	0.8	0.8	0	KHM
221	2	RFR1	0.15718264	220	1800	0	1	0	KHM
221	3	IRR2	0.057612139	350	1800	0.8	0.8	0	KHM
221	4	RFR2	0	350	1800	0	1	0	KHM
221	5	IRRU	0.000446408	151	1800	0.8	0.8	0	KHM
221	6	AGRL	0.069979801	151	1800	0	1	0	KHM
221	7	FRSE	0.676370918	-99	-99	-99	-99	0	KHM
222	1	IRR1	0.031347866	220	1800	0.8	0.8	0	KHM
222	2	RFR1	0.17614982	220	1800	0	1	0	KHM
222	3	IRR2	0.047021799	350	1800	0.8	0.8	0	KHM
222	4	RFR2	0	350	1800	0	1	0	KHM
222	5	IRRU	0.000764901	151	1800	0.8	0.8	0	KHM
222	6	AGRL	0.06225494	151	1800	0	1	0	KHM
222	7	FRSE	0.682460674	-99	-99	-99	-99	0	KHM
223	1	IRR1	0.041440325	220	1800	0.8	0.8	0	KHM
223	2	RFR1	0.204465475	220	1800	0	1	0	KHM
223	3	IRR2	0.062160488	350	1800	0.8	0.8	0	KHM
223	4	RFR2	0	350	1800	0	1	0	KHM
223	5	IRRU	7.26863E-05	151	1800	0.8	0.8	0	KHM
223	6	AGRL	0.080865807	151	1800	0	1	0	KHM
223	7	FRSE	0.610995218	-99	-99	-99	-99	0	KHM
224	1	IRR1	0.009715792	220	1800	0.8	0.8	0	KHM
224	2	RFR1	0.08337893	220	1800	0	1	0	KHM
224	3	IRR2	0.014573688	350	1800	0.8	0.8	0	KHM
224	4	RFR2	0	350	1800	0	1	0	KHM
224	5	IRRU	1.13227E-05	151	1800	0.8	0.8	0	KHM
224	6	AGRL	0.084620168	151	1800	0	1	0	KHM
224	7	FRSE	0.807700098	-99	-99	-99	-99	0	KHM
225	1	IRR1	0.056214979	220	1800	0.8	0.8	0	KHM
225	2	RFR1	0.314229925	220	1800	0	1	0	KHM
225	3	IRR2	0.084322469	350	1800	0.8	0.8	0	KHM
225	4	RFR2	0	350	1800	0	1	0	KHM
225	5	IRRU	0.001830976	151	1800	0.8	0.8	0	KHM
225	6	AGRL	0.067387312	151	1800	0	1	0	KHM
225	7	FRSE	0.476014339	-99	-99	-99	-99	0	KHM
226	1	IRR1	0.050478923	220	1800	0.8	0.8	0	KHM
226	2	RFR1	0.175568851	220	1800	0	1	0	KHM
226	3	IRR2	0.075718384	350	1800	0.8	0.8	0	KHM
226	4	RFR2	0	350	1800	0	1	0	KHM
226	5	IRRU	0.001360221	151	1800	0.8	0.8	0	KHM
226	6	AGRL	0.097589704	151	1800	0	1	0	KHM
226	7	FRSE	0.599283918	-99	-99	-99	-99	0	KHM
227	1	IRR1	0.040378201	220	1800	0.8	0.8	0	KHM
227	2	RFR1	0.112983609	220	1800	0	1	0	KHM
227	3	IRR2	0.060567301	350	1800	0.8	0.8	0	KHM
227	4	RFR2	0	350	1800	0	1	0	KHM
227	5	IRR3	0	220	1800	0.8	0.8	0	KHM
227	6	RFR3	0	220	1800	0	1	0	KHM
227	7	IRRU	0.010221303	151	1800	0.8	0.8	0	KHM
227	8	AGRL	0.041342915	151	1800	0	1	0	KHM
227	9	FRSE	0.73450667	-99	-99	-99	-99	0	KHM
228	1	IRR1	0.026889974	220	1800	0.8	0.8	0	KHM
228	2	RFR1	0.572417014	220	1800	0	1	0	KHM
228	3	IRR2	0.040334961	350	1800	0.8	0.8	0	KHM
228	4	RFR2	0	350	1800	0	1	0	KHM
228	5	IRRU	0.000113406	151	1800	0.8	0.8	0	KHM
228	6	AGRL	0.037295916	151	1800	0	1	0	KHM
228	7	FRSE	0.32294873	-99	-99	-99	-99	0	KHM
229	1	IRR1	0.055881108	220	1800	0.8	0.8	0	KHM
229	2	RFR1	0.444334444	220	1800	0	1	0	KHM
229	3	IRR2	0.083821662	350	1800	0.8	0.8	0	KHM
229	4	RFR2	0	350	1800	0	1	0	KHM
229	5	IRRU	5.96949E-05	151	1800	0.8	0.8	0	KHM
229	6	AGRL	0.037888165	151	1800	0	1	0	KHM
229	7	FRSE	0.378014926	-99	-99	-99	-99	0	KHM
230	1	IRR1	0.035847367	220	1800	0.8	0.8	0	KHM
230	2	RFR1	0.381404739	220	1800	0	1	0	KHM
230	3	IRR2	0.053771051	350	1800	0.8	0.8	0	KHM
230	4	RFR2	0	350	1800	0	1	0	KHM
230	5	IRRU	7.41422E-05	151	1800	0.8	0.8	0	KHM
230	6	AGRL	0.046852343	151	1800	0	1	0	KHM
230	7	FRSE	0.482050358	-99	-99	-99	-99	0	KHM
231	1	IRR1	0.03166822	220	1800	0.8	0.8	0	KHM
231	2	RFR1	0.481498834	220	1800	0	1	0	KHM
231	3	IRR2	0.047502331	350	1800	0.8	0.8	0	KHM
231	4	RFR2	0	350	1800	0	1	0	KHM
231	5	IRRU	0.000201599	151	1800	0.8	0.8	0	KHM
231	6	AGRL	0.039584416	151	1800	0	1	0	KHM
231	7	FRSE	0.3995446	-99	-99	-99	-99	0	KHM
232	1	IRR1	0.047722965	220	1800	0.8	0.8	0	KHM
232	2	RFR1	0.420547536	220	1800	0	1	0	KHM
232	3	IRR2	0.071584448	350	1800	0.8	0.8	0	KHM
232	4	RFR2	0	350	1800	0	1	0	KHM
232	5	IRRU	0.007017597	151	1800	0.8	0.8	0	KHM
232	6	AGRL	0.043556533	151	1800	0	1	0	KHM
232	7	FRSE	0.409570921	-99	-99	-99	-99	0	KHM
233	1	IRR1	0.031418481	220	1800	0.8	0.8	0	KHM
233	2	RFR1	0.332318026	220	1800	0	1	0	KHM
233	3	IRR2	0.047127721	350	1800	0.8	0.8	0	KHM
233	4	RFR2	0	350	1800	0	1	0	KHM
233	5	IRR3	0	220	1800	0.8	0.8	0	KHM
233	6	RFR3	0	220	1800	0	1	0	KHM
233	7	IRRU	0.000657675	151	1800	0.8	0.8	0	KHM
233	8	AGRL	0.065840879	151	1800	0	1	0	KHM
233	9	FRSE	0.522637218	-99	-99	-99	-99	0	KHM
234	1	IRR1	0.453560833	227	1800	0.8	0.8	0	VNM
234	2	RFR1	0.02605361	227	1800	0	1	0	VNM
234	3	IRR2	0.090712167	18	1800	0.8	0.8	0	VNM
234	4	RFR2	0	18	1800	0	1	0	VNM
234	5	IRR3	0.362848666	130	1800	0.8	0.8	0	VNM
234	6	RFR3	0	130	1800	0	1	0	VNM
234	7	IRRU	0.062866804	151	1800	0.8	0.8	0	VNM
234	8	AGRL	0.00395792	151	1800	0	1	0	VNM
234	9	RNGE	0	-99	-99	-99	-99	0	VNM
235	1	IRR1	0.438414012	227	1800	0.8	0.8	0	VNM
235	2	RFR1	0.021115059	227	1800	0	1	0	VNM
235	3	IRR2	0.087682802	18	1800	0.8	0.8	0	VNM
235	4	RFR2	0	18	1800	0	1	0	VNM
235	5	IRR3	0.35073121	130	1800	0.8	0.8	0	VNM
235	6	RFR3	0	130	1800	0	1	0	VNM
235	7	IRRU	0.094230975	151	1800	0.8	0.8	0	VNM
235	8	AGRL	0.007825941	151	1800	0	1	0	VNM
235	9	WETL	0	-99	-99	-99	-99	0	VNM
236	1	IRR1	0.210469339	220	1800	0.8	0.8	0	KHM
236	2	RFR1	0.365932013	220	1800	0	1	0	KHM
236	3	IRR2	0.315704008	350	1800	0.8	0.8	0	KHM
236	4	RFR2	0	350	1800	0	1	0	KHM
236	5	IRR3	0	220	1800	0.8	0.8	0	KHM
236	6	IRRU	0.057848036	151	1800	0.8	0.8	0	KHM
236	7	AGRL	0.022731629	151	1800	0	1	0	KHM
236	8	FRSE	0.027314975	-99	-99	-99	-99	0	KHM
237	1	IRR1	0.43323724	227	1800	0.8	0.8	0	VNM
237	2	RFR1	0.04607743	227	1800	0	1	0	VNM
237	3	IRR2	0.086647448	18	1800	0.8	0.8	0	VNM
237	4	RFR2	0	18	1800	0	1	0	VNM
237	5	IRR3	0.346589792	130	1800	0.8	0.8	0	VNM
237	6	RFR3	0	130	1800	0	1	0	VNM
237	7	IRRU	0.073885171	151	1800	0.8	0.8	0	VNM
237	8	AGRL	0.01356292	151	1800	0	1	0	VNM
237	9	FRSE	0	-99	-99	-99	-99	0	VNM
238	1	IRR1	0	167	1800	0.8	0.8	0	LAO
238	2	RFR1	0.130221567	167	1800	0	1	0	LAO
238	3	IRR2	0.267602708	357	1800	0.8	0.8	0	LAO
238	4	RFR2	0	357	1800	0	1	0	LAO
238	5	IRRU	0.001746211	134	1800	0.8	0.8	0	LAO
238	6	AGRL	0.000866233	134	1800	0	1	0	LAO
238	7	FRSE	0.59956328	-99	-99	-99	-99	0	LAO
239	1	IRR1	0	167	1800	0.8	0.8	0	LAO
239	2	RFR1	0.054006798	167	1800	0	1	0	LAO
239	3	IRR2	0.029017033	357	1800	0.8	0.8	0	LAO
239	4	RFR2	0	357	1800	0	1	0	LAO
239	5	IRRU	0.003270604	151	1800	0.8	0.8	0	LAO
239	6	AGRL	0.042027378	151	1800	0	1	0	LAO
239	7	FRSE	0.871678187	-99	-99	-99	-99	0	LAO
240	1	IRR1	0.032361504	185	1800	0.8	0.8	0	THA
240	2	RFR1	0.040796864	185	1800	0	1	0	THA
240	3	IRR2	0.026477594	37	1800	0.8	0.8	0	THA
240	4	RFR2	0	37	1800	0	1	0	THA
240	5	IRRU	0.00041055	134	1800	0.8	0.8	0	THA
240	6	AGRL	0.16752856	134	1800	0	1	0	THA
240	7	FRSE	0.732424928	-99	-99	-99	-99	0	THA
241	1	IRR1	0	185	1800	0.8	0.8	0	LAO
241	2	RFR1	0.023211396	185	1800	0	1	0	LAO
241	3	IRR2	0.035418384	37	1800	0.8	0.8	0	LAO
241	4	RFR2	0	37	1800	0	1	0	LAO
241	5	IRRU	0.005858417	134	1800	0.8	0.8	0	LAO
241	6	AGRL	0.049477782	134	1800	0	1	0	LAO
241	7	FRSE	0.88603402	-99	-99	-99	-99	0	LAO
242	1	IRR1	0.071368447	185	1800	0.8	0.8	0	THA
242	2	RFR1	0.154572548	185	1800	0	1	0	THA
242	3	IRR2	0.058392366	37	1800	0.8	0.8	0	THA
242	4	RFR2	0	37	1800	0	1	0	THA
242	5	IRRU	7.41489E-06	134	1800	0.8	0.8	0	THA
242	6	AGRL	0.095445065	134	1800	0	1	0	THA
242	7	FRSE	0.620214159	-99	-99	-99	-99	0	THA
243	1	IRR1	0.078051564	185	1800	0.8	0.8	0	THA
243	2	RFR1	0.117516698	185	1800	0	1	0	THA
243	3	IRR2	0.06386037	37	1800	0.8	0.8	0	THA
243	4	RFR2	0	37	1800	0	1	0	THA
243	5	IRRU	0.010268617	134	1800	0.8	0.8	0	THA
243	6	AGRL	0.082591534	134	1800	0	1	0	THA
243	7	FRSE	0.647711217	-99	-99	-99	-99	0	THA
244	1	IRR1	0.071530649	185	1800	0.8	0.8	0	THA
244	2	RFR1	0.169328511	185	1800	0	1	0	THA
244	3	IRR2	0.058525077	37	1800	0.8	0.8	0	THA
244	4	RFR2	0	37	1800	0	1	0	THA
244	5	IRRU	0.002704825	134	1800	0.8	0.8	0	THA
244	6	AGRL	0.123113269	134	1800	0	1	0	THA
244	7	FRSE	0.574797668	-99	-99	-99	-99	0	THA
245	1	IRR1	0.039137885	185	1800	0.8	0.8	0	THA
245	2	RFR1	0.131920013	185	1800	0	1	0	THA
245	3	IRR2	0.032021906	37	1800	0.8	0.8	0	THA
245	4	RFR2	0	37	1800	0	1	0	THA
245	5	IRRU	0.003372211	134	1800	0.8	0.8	0	THA
245	6	AGRL	0.080954125	134	1800	0	1	0	THA
245	7	FRSE	0.712593861	-99	-99	-99	-99	0	THA
246	1	IRR1	0.03513242	185	1800	0.8	0.8	0	THA
246	2	RFR1	0.394348146	185	1800	0	1	0	THA
246	3	IRR2	0.028744707	37	1800	0.8	0.8	0	THA
246	4	RFR2	0	37	1800	0	1	0	THA
246	5	IRRU	2.15512E-06	134	1800	0.8	0.8	0	THA
246	6	AGRL	0.075845787	134	1800	0	1	0	THA
246	7	FRSE	0.465926786	-99	-99	-99	-99	0	THA
247	1	IRR1	0.066229846	185	1800	0.8	0.8	0	THA
247	2	RFR1	0.187928691	185	1800	0	1	0	THA
247	3	IRR2	0.054188056	37	1800	0.8	0.8	0	THA
247	4	RFR2	0	37	1800	0	1	0	THA
247	5	IRRU	1.05624E-05	134	1800	0.8	0.8	0	THA
247	6	AGRL	0.095272489	134	1800	0	1	0	THA
247	7	FRSE	0.596370356	-99	-99	-99	-99	0	THA
248	1	IRR1	0.061269284	185	1800	0.8	0.8	0	THA
248	2	RFR1	0.335036516	185	1800	0	1	0	THA
248	3	IRR2	0.050129414	37	1800	0.8	0.8	0	THA
248	4	RFR2	0	37	1800	0	1	0	THA
248	5	IRRU	3.50023E-06	134	1800	0.8	0.8	0	THA
248	6	AGRL	0.095380075	134	1800	0	1	0	THA
248	7	FRSE	0.458181211	-99	-99	-99	-99	0	THA
249	1	IRR1	0.066331784	185	1800	0.8	0.8	0	THA
249	2	RFR1	0.375301975	185	1800	0	1	0	THA
249	3	IRR2	0.054271459	37	1800	0.8	0.8	0	THA
249	4	RFR2	0	37	1800	0	1	0	THA
249	5	IRRU	3.9871E-06	134	1800	0.8	0.8	0	THA
249	6	AGRL	0.072132644	134	1800	0	1	0	THA
249	7	FRSE	0.431958151	-99	-99	-99	-99	0	THA
250	1	IRR1	0.062605551	185	1800	0.8	0.8	0	THA
250	2	RFR1	0.350788499	185	1800	0	1	0	THA
250	3	IRR2	0.051222724	37	1800	0.8	0.8	0	THA
250	4	RFR2	0	37	1800	0	1	0	THA
250	5	IRRU	2.78537E-06	134	1800	0.8	0.8	0	THA
250	6	AGRL	0.088029858	134	1800	0	1	0	THA
250	7	FRSE	0.447350582	-99	-99	-99	-99	0	THA
251	1	IRR1	0.002605939	220	1800	0.8	0.8	0	KHM
251	2	RFR1	0.049964712	220	1800	0	1	0	KHM
251	3	IRR2	0.003908908	350	1800	0.8	0.8	0	KHM
251	4	RFR2	0	350	1800	0	1	0	KHM
251	5	IRRU	0.001011889	151	1800	0.8	0.8	0	KHM
251	6	AGRL	0.03230747	151	1800	0	1	0	KHM
251	7	FRSE	0.910201082	-99	-99	-99	-99	0	KHM
252	1	IRR1	0.000727122	220	1800	0.8	0.8	0	KHM
252	2	RFR1	0.093146126	220	1800	0	1	0	KHM
252	3	IRR2	0.001090683	350	1800	0.8	0.8	0	KHM
252	4	RFR2	0	350	1800	0	1	0	KHM
252	5	IRRU	0.000899954	151	1800	0.8	0.8	0	KHM
252	6	AGRL	0.017045517	151	1800	0	1	0	KHM
252	7	FRSE	0.8870906	-99	-99	-99	-99	0	KHM
253	1	IRR1	0.0036997	121	1800	0.8	0.8	0	CHN
253	2	RFR1	0.004998771	121	1800	0	1	0	CHN
253	3	IRRU	0	71	1800	0.8	0.8	0	CHN
253	4	AGRL	0.079831642	71	1800	0	1	0	CHN
253	5	FRSE	0.911469887	-99	-99	-99	-99	0	CHN
254	1	IRR1	0.114234375	121	1800	0.8	0.8	0	CHN
254	2	RFR1	1.33889E-05	121	1800	0	1	0	CHN
254	3	IRRU	0	71	1800	0.8	0.8	0	CHN
254	4	AGRL	0.089064118	71	1800	0	1	0	CHN
254	5	FRSE	0.796688118	-99	-99	-99	-99	0	CHN
255	1	IRR1	0.018955584	121	1800	0.8	0.8	0	CHN
255	2	RFR1	0.001856719	121	1800	0	1	0	CHN
255	3	IRRU	0	71	1800	0.8	0.8	0	CHN
255	4	AGRL	0.084047114	71	1800	0	1	0	CHN
255	5	FRSE	0.895140583	-99	-99	-99	-99	0	CHN
256	1	IRR1	0.002279481	121	1800	0.8	0.8	0	CHN
256	2	RFR1	0.001240741	121	1800	0	1	0	CHN
256	3	IRRU	0	71	1800	0.8	0.8	0	CHN
256	4	AGRL	0.05656823	71	1800	0	1	0	CHN
256	5	FRSE	0.939911548	-99	-99	-99	-99	0	CHN
257	1	IRR1	0.002501099	121	1800	0.8	0.8	0	CHN
257	2	RFR1	0.001021458	121	1800	0	1	0	CHN
257	3	IRRU	0	71	1800	0.8	0.8	0	CHN
257	4	AGRL	0.074287752	71	1800	0	1	0	CHN
257	5	FRSE	0.922189691	-99	-99	-99	-99	0	CHN
258	1	IRR1	0.003341893	121	1800	0.8	0.8	0	CHN
258	2	RFR1	0.000223667	121	1800	0	1	0	CHN
258	3	IRRU	0	71	1800	0.8	0.8	0	CHN
258	4	AGRL	0.128735619	71	1800	0	1	0	CHN
258	5	FRSE	0.867698821	-99	-99	-99	-99	0	CHN
259	1	IRR1	0.005431869	185	1800	0.8	0.8	0	THA
259	2	RFR1	0.025538398	185	1800	0	1	0	THA
259	3	IRR2	0.004444257	37	1800	0.8	0.8	0	THA
259	4	RFR2	0	37	1800	0	1	0	THA
259	5	IRRU	9.16651E-06	134	1800	0.8	0.8	0	THA
259	6	AGRL	0.025810313	134	1800	0	1	0	THA
259	7	FRSE	0.938765997	-99	-99	-99	-99	0	THA
260	1	IRR1	0	167	1800	0.8	0.8	0	LAO
260	2	RFR1	0.034314293	167	1800	0	1	0	LAO
260	3	IRR2	0.028706053	357	1800	0.8	0.8	0	LAO
260	4	RFR2	0	357	1800	0	1	0	LAO
260	5	IRRU	0.005262673	151	1800	0.8	0.8	0	LAO
260	6	AGRL	0.015213722	151	1800	0	1	0	LAO
260	7	FRSE	0.91650326	-99	-99	-99	-99	0	LAO
261	1	IRR1	0	167	1800	0.8	0.8	0	LAO
261	2	RFR1	0.121688106	167	1800	0	1	0	LAO
261	3	IRR2	0.085270177	357	1800	0.8	0.8	0	LAO
261	4	RFR2	0	357	1800	0	1	0	LAO
261	5	IRRU	0.011359173	151	1800	0.8	0.8	0	LAO
261	6	AGRL	0.119924489	151	1800	0	1	0	LAO
261	7	FRSE	0.661758054	-99	-99	-99	-99	0	LAO
262	1	IRR1	0	167	1800	0.8	0.8	0	LAO
262	2	RFR1	0.011920194	167	1800	0	1	0	LAO
262	3	IRR2	0.013483784	357	1800	0.8	0.8	0	LAO
262	4	RFR2	0	357	1800	0	1	0	LAO
262	5	IRRU	0.000315523	71	1800	0.8	0.8	0	LAO
262	6	AGRL	0.028137574	71	1800	0	1	0	LAO
262	7	FRSE	0.946142925	-99	-99	-99	-99	0	LAO
263	1	IRR1	0	167	1800	0.8	0.8	0	LAO
263	2	RFR1	0.014608623	167	1800	0	1	0	LAO
263	3	IRR2	0.003199531	357	1800	0.8	0.8	0	LAO
263	4	RFR2	0	357	1800	0	1	0	LAO
263	5	IRRU	0.000178069	71	1800	0.8	0.8	0	LAO
263	6	AGRL	0.027750119	71	1800	0	1	0	LAO
263	7	FRSE	0.954263658	-99	-99	-99	-99	0	LAO
264	1	IRR1	0	167	1800	0.8	0.8	0	LAO
264	2	RFR1	0.028455436	167	1800	0	1	0	LAO
264	3	IRR2	0.003623771	357	1800	0.8	0.8	0	LAO
264	4	RFR2	0	357	1800	0	1	0	LAO
264	5	IRRU	0.000462914	134	1800	0.8	0.8	0	LAO
264	6	AGRL	0.031641117	134	1800	0	1	0	LAO
264	7	FRSE	0.935816762	-99	-99	-99	-99	0	LAO
265	1	IRR1	0	167	1800	0.8	0.8	0	LAO
265	2	RFR1	0.108875575	167	1800	0	1	0	LAO
265	3	IRR2	0.000771125	357	1800	0.8	0.8	0	LAO
265	4	RFR2	0	357	1800	0	1	0	LAO
265	5	IRRU	0	134	1800	0.8	0.8	0	LAO
265	6	AGRL	0.000966967	134	1800	0	1	0	LAO
265	7	FRSE	0.889386332	-99	-99	-99	-99	0	LAO
266	1	IRR1	0	167	1800	0.8	0.8	0	LAO
266	2	RFR1	0.082563028	167	1800	0	1	0	LAO
266	3	IRR2	0.041307738	357	1800	0.8	0.8	0	LAO
266	4	RFR2	0	357	1800	0	1	0	LAO
266	5	IRRU	0.002569317	134	1800	0.8	0.8	0	LAO
266	6	AGRL	0.054016021	134	1800	0	1	0	LAO
266	7	FRSE	0.819543897	-99	-99	-99	-99	0	LAO
267	1	IRR1	0	167	1800	0.8	0.8	0	LAO
267	2	RFR1	0.002908996	167	1800	0	1	0	LAO
267	3	IRR2	0.000123026	357	1800	0.8	0.8	0	LAO
267	4	RFR2	0	357	1800	0	1	0	LAO
267	5	IRRU	9.86694E-06	71	1800	0.8	0.8	0	LAO
267	6	AGRL	0.007101342	71	1800	0	1	0	LAO
267	7	FRSE	0.98985677	-99	-99	-99	-99	0	LAO
268	1	IRR1	0	167	1800	0.8	0.8	0	LAO
268	2	RFR1	0.001115076	167	1800	0	1	0	LAO
268	3	IRR2	0.078195409	357	1800	0.8	0.8	0	LAO
268	4	RFR2	0	357	1800	0	1	0	LAO
268	5	IRRU	0.032265113	134	1800	0.8	0.8	0	LAO
268	6	AGRL	0.003402932	134	1800	0	1	0	LAO
268	7	FRSE	0.88502147	-99	-99	-99	-99	0	LAO
269	1	IRR1	0	167	1800	0.8	0.8	0	LAO
269	2	RFR1	0.012925137	167	1800	0	1	0	LAO
269	3	IRR2	0.000163476	357	1800	0.8	0.8	0	LAO
269	4	RFR2	0	357	1800	0	1	0	LAO
269	5	IRRU	5.37749E-06	71	1800	0.8	0.8	0	LAO
269	6	AGRL	0.028094423	71	1800	0	1	0	LAO
269	7	FRSE	0.958811586	-99	-99	-99	-99	0	LAO
270	1	IRR1	0	167	1800	0.8	0.8	0	LAO
270	2	RFR1	0.003859533	167	1800	0	1	0	LAO
270	3	IRR2	0.019159164	357	1800	0.8	0.8	0	LAO
270	4	RFR2	0	357	1800	0	1	0	LAO
270	5	IRRU	0.004258511	134	1800	0.8	0.8	0	LAO
270	6	AGRL	0.005978764	134	1800	0	1	0	LAO
270	7	FRSE	0.966744027	-99	-99	-99	-99	0	LAO
271	1	IRR1	0	167	1800	0.8	0.8	0	LAO
271	2	RFR1	0.045802853	167	1800	0	1	0	LAO
271	3	IRR2	0.005462786	357	1800	0.8	0.8	0	LAO
271	4	RFR2	0	357	1800	0	1	0	LAO
271	5	IRRU	0.000398744	151	1800	0.8	0.8	0	LAO
271	6	AGRL	0.003703791	151	1800	0	1	0	LAO
271	7	FRSE	0.944631826	-99	-99	-99	-99	0	LAO
272	1	IRR1	0	167	1800	0.8	0.8	0	LAO
272	2	RFR1	0.00772623	167	1800	0	1	0	LAO
272	3	IRR2	0.005241832	357	1800	0.8	0.8	0	LAO
272	4	RFR2	0	357	1800	0	1	0	LAO
272	5	IRRU	0.001490051	134	1800	0.8	0.8	0	LAO
272	6	AGRL	0.006445984	134	1800	0	1	0	LAO
272	7	FRSE	0.979095903	-99	-99	-99	-99	0	LAO
273	1	IRR1	0	167	1800	0.8	0.8	0	LAO
273	2	RFR1	0.014249645	167	1800	0	1	0	LAO
273	3	IRR2	0.009050502	357	1800	0.8	0.8	0	LAO
273	4	RFR2	0	357	1800	0	1	0	LAO
273	5	IRRU	0.001935517	134	1800	0.8	0.8	0	LAO
273	6	AGRL	0.004804831	134	1800	0	1	0	LAO
273	7	FRSE	0.969959505	-99	-99	-99	-99	0	LAO
274	1	IRR1	0	227	1800	0.8	0.8	0	LAO
274	2	RFR1	0.00916072	227	1800	0	1	0	LAO
274	3	IRR2	0.004529238	18	1800	0.8	0.8	0	LAO
274	4	RFR2	0	18	1800	0	1	0	LAO
274	5	IRRU	0.000625496	151	1800	0.8	0.8	0	LAO
274	6	AGRL	0.010776407	151	1800	0	1	0	LAO
274	7	FRSE	0.97490814	-99	-99	-99	-99	0	LAO
275	1	IRR1	0	167	1800	0.8	0.8	0	LAO
275	2	RFR1	0.0074802	167	1800	0	1	0	LAO
275	3	IRR2	0.012185699	357	1800	0.8	0.8	0	LAO
275	4	RFR2	0	357	1800	0	1	0	LAO
275	5	IRRU	0.001997766	134	1800	0.8	0.8	0	LAO
275	6	AGRL	0.00653661	134	1800	0	1	0	LAO
275	7	FRSE	0.971799725	-99	-99	-99	-99	0	LAO
276	1	IRR1	0.004416019	220	1800	0.8	0.8	0	KHM
276	2	RFR1	0.006213542	220	1800	0	1	0	KHM
276	3	IRR2	0.006624029	350	1800	0.8	0.8	0	KHM
276	4	RFR2	0	350	1800	0	1	0	KHM
276	5	IRRU	0.017814699	151	1800	0.8	0.8	0	KHM
276	6	AGRL	0.024944766	151	1800	0	1	0	KHM
276	7	FRSE	0.939986945	-99	-99	-99	-99	0	KHM
277	1	IRR1	0	167	1800	0.8	0.8	0	LAO
277	2	RFR1	0.001905702	167	1800	0	1	0	LAO
277	3	IRR2	0.003990292	357	1800	0.8	0.8	0	LAO
277	4	RFR2	0	357	1800	0	1	0	LAO
277	5	IRRU	0.000828437	71	1800	0.8	0.8	0	LAO
277	6	AGRL	0.002744179	71	1800	0	1	0	LAO
277	7	FRSE	0.990531389	-99	-99	-99	-99	0	LAO
278	1	IRR1	0	167	1800	0.8	0.8	0	LAO
278	2	RFR1	0.007505782	167	1800	0	1	0	LAO
278	3	IRR2	0.001632505	357	1800	0.8	0.8	0	LAO
278	4	RFR2	0	357	1800	0	1	0	LAO
278	5	IRRU	0.000212265	151	1800	0.8	0.8	0	LAO
278	6	AGRL	0.009844337	151	1800	0	1	0	LAO
278	7	FRSE	0.980805111	-99	-99	-99	-99	0	LAO
279	1	IRR1	0	167	1800	0.8	0.8	0	LAO
279	2	RFR1	0.003559188	167	1800	0	1	0	LAO
279	3	IRR2	0	357	1800	0.8	0.8	0	LAO
279	4	RFR2	0	357	1800	0	1	0	LAO
279	5	IRRU	0	151	1800	0.8	0.8	0	LAO
279	6	AGRL	0.001586536	151	1800	0	1	0	LAO
279	7	FRSE	0.994854276	-99	-99	-99	-99	0	LAO
280	1	IRR1	0.015658661	121	1800	0.8	0.8	0	CHN
280	2	RFR1	0.003476768	121	1800	0	1	0	CHN
280	3	IRRU	0	71	1800	0.8	0.8	0	CHN
280	4	AGRL	0.107813744	71	1800	0	1	0	CHN
280	5	FRSE	0.873050826	-99	-99	-99	-99	0	CHN
281	1	IRR1	0.036098968	121	1800	0.8	0.8	0	CHN
281	2	RFR1	1.27349E-05	121	1800	0	1	0	CHN
281	3	IRRU	0	71	1800	0.8	0.8	0	CHN
281	4	AGRL	0.070106413	71	1800	0	1	0	CHN
281	5	FRSE	0.893781885	-99	-99	-99	-99	0	CHN
282	1	IRR1	0.012139541	121	1800	0.8	0.8	0	CHN
282	2	RFR1	0.000755554	121	1800	0	1	0	CHN
282	3	IRRU	0	71	1800	0.8	0.8	0	CHN
282	4	AGRL	0.089458467	71	1800	0	1	0	CHN
282	5	FRSE	0.897646437	-99	-99	-99	-99	0	CHN
283	1	IRR1	0.015889045	121	1800	0.8	0.8	0	CHN
283	2	RFR1	0	121	1800	0	1	0	CHN
283	3	IRRU	0	71	1800	0.8	0.8	0	CHN
283	4	AGRL	0.097905144	71	1800	0	1	0	CHN
283	5	FRSE	0.886205811	-99	-99	-99	-99	0	CHN
284	1	IRR1	0.000276214	220	1800	0.8	0.8	0	KHM
284	2	RFR1	0.013199744	220	1800	0	1	0	KHM
284	3	IRR2	0.000414321	350	1800	0.8	0.8	0	KHM
284	4	RFR2	0	350	1800	0	1	0	KHM
284	5	IRRU	0.000221597	151	1800	0.8	0.8	0	KHM
284	6	AGRL	0.006216166	151	1800	0	1	0	KHM
284	7	FRSE	0.979671958	-99	-99	-99	-99	0	KHM
285	1	IRR1	0.000264206	220	1800	0.8	0.8	0	KHM
285	2	RFR1	0.001466225	220	1800	0	1	0	KHM
285	3	IRR2	0.000396309	350	1800	0.8	0.8	0	KHM
285	4	RFR2	0	350	1800	0	1	0	KHM
285	5	IRRU	6.75025E-05	151	1800	0.8	0.8	0	KHM
285	6	AGRL	0.000543742	151	1800	0	1	0	KHM
285	7	FRSE	0.997262015	-99	-99	-99	-99	0	KHM
286	1	IRR1	0.001621064	167	1800	0.8	0.8	0	THA
286	2	RFR1	0.003782497	167	1800	0	1	0	THA
286	3	IRR2	0.001326325	357	1800	0.8	0.8	0	THA
286	4	RFR2	0	357	1800	0	1	0	THA
286	5	IRRU	0.000149788	151	1800	0.8	0.8	0	THA
286	6	AGRL	0.088427919	151	1800	0	1	0	THA
286	7	FRSE	0.904692407	-99	-99	-99	-99	0	THA
287	1	IRR1	0	167	1800	0.8	0.8	0	LAO
287	2	RFR1	0.041382458	167	1800	0	1	0	LAO
287	3	IRR2	0.035791122	357	1800	0.8	0.8	0	LAO
287	4	RFR2	0	357	1800	0	1	0	LAO
287	5	IRRU	0.005553588	151	1800	0.8	0.8	0	LAO
287	6	AGRL	0.028478891	151	1800	0	1	0	LAO
287	7	FRSE	0.888793941	-99	-99	-99	-99	0	LAO
288	1	IRR1	0.347194142	227	1800	0.8	0.8	0	VNM
288	2	RFR1	0.101187661	227	1800	0	1	0	VNM
288	3	IRR2	0.069438828	18	1800	0.8	0.8	0	VNM
288	4	RFR2	0	18	1800	0	1	0	VNM
288	5	IRR3	0.277755314	130	1800	0.8	0.8	0	VNM
288	6	RFR3	0	130	1800	0	1	0	VNM
288	7	IRRU	0.169200422	151	1800	0.8	0.8	0	VNM
288	8	AGRL	0.035223632	151	1800	0	1	0	VNM
288	9	RNGE	0	-99	-99	-99	-99	0	VNM
289	1	IRR1	0.013207303	220	1800	0.8	0.8	0	KHM
289	2	RFR1	0.166962678	220	1800	0	1	0	KHM
289	3	IRR2	0.019810954	350	1800	0.8	0.8	0	KHM
289	4	RFR2	0	350	1800	0	1	0	KHM
289	5	IRRU	0.001235249	151	1800	0.8	0.8	0	KHM
289	6	AGRL	0.141048282	151	1800	0	1	0	KHM
289	7	FRSE	0.657735533	-99	-99	-99	-99	0	KHM
