0
0
0
0
-99
0
0
0
0
-99
0
0
0.001093549
0.006836127
-99
0
0
0.000341034
0.00462591
-99
0
0
0.001518872
0.008575947
-99
0
0
0.009637725
0.030162315
-99
0
0
0.002729599
0.019690649
-99
0
0
0.00296064
0.004292063
-99
0
0
0.001469449
0.005099078
-99
0
0
0.026130159
0.100979041
-99
0
0
0.008132963
0.017061315
-99
0
0
0.017670405
0.041238318
-99
0
0
0.010486901
0.037739018
-99
0
0
0.061137242
0.035054556
-99
1.64551e-06
1.01134e-05
0.00193826
0.030362004
-99
0.012654385
0.002547999
0
0.062565351
-99
0.004550655
0.000702146
0
0.043950807
-99
0.063405737
0
0
0.09527302
-99
0.003591978
0.001181607
0
0.101541312
-99
0
0.0030976
0
0.023943942
-99
0
0
0
0.130403258
-99
0.052812564
0.000991216
0
0.198508427
-99
0.006158892
0.000171917
0
0.163017085
-99
0.023843022
5.85084e-06
0
0.079980116
-99
0.026321218
0.012136278
0
0.174288794
-99
0.003494893
0.018882826
0
0.123034304
-99
0
0.013686813
0
0.099696013
-99
0.018882357
0.025561238
0
0.110706277
-99
0
0
0
0.092907862
-99
0.01845021
0.000203151
0
0
3.73407e-06
0.032105109
-99
0.0557018557997
0.00941529529497157
0
0
0.00022093784518688
0.064235581939903
-99
0
0.00507357814827055
0.0029309995
0
0.00122920351039036
0.00556554367649801
-99
0.118992808
6.41369e-05
0
0.156665266
-99
0.0052255749458
0.0258940330342323
0.0078383624187
0
0.00201618328157562
0.0632492958093641
-99
0.041023651
0.006447215
0
0
0.0014844
0.060312504
-99
0.060223824
1.07276e-05
0
0.052831148
-99
0.025453166
0.003965338
0
0
0.002836458
0.033911258
-99
0
0.024098442
0.004218679
0
0.004239181
0.033293517
-99
0.0069678802996
0.0227564932367294
0.0104518204494
0
0.00794925752318406
0.0729195258259594
-99
0.0023609900908
0.00985403058752353
0.0035414851362
0
0.00176699431462572
0.0243398286589516
-99
0
0
0
0
0
0
-99
0
0.00744681917519904
0.0098068432
0
0.000750875940663664
0.0134657739436778
-99
0
0.01146841
0
0
0
0.008713916
-99
0
0.00820196411488919
0.0024948363
0
0.000161202347333254
0.0162687379680629
-99
0.0113250872867
0.0231765673387657
0.016987630198
0
0.00292015272788237
0.0624920882045444
-99
0
0.00230078084345077
0.0054345386183
0
0.000582067806916581
0.00234345492814997
-99
0
0.0101299612476353
0.0062026998
0
0.00046267547736994
0.0114391534104057
-99
0.0098437372605
0.027958977956577
0.0147656051587
0
0.00370964556332804
0.095714095427046
-99
0
0.0146063758937583
0.0094637652439
0
0.00717261040718776
0.0528590079725342
-99
0
0.0317732516628225
0.0208195152
0
0.000343466105510924
0.0318472835646511
-99
0
0.00972559167205597
0.0011989615
0
3.5587416439925e-05
0.0198862118706063
-99
0.0248738452611
0.0585286130718392
0.0373107671596
0
0.00984155014618532
0.147770840083231
-99
0.0789611735
0.0584974209312366
0.0646045961
0
0.000468575254564481
0.239776458494202
-99
0
0.00647703173813484
0.0020562564
0
0.000191057211626822
0.0153070287245301
-99
0
0.0141186346631081
0.015020005
0
0.000354249911535857
0.0192158475147501
-99
0.0828369267
0.131452837249274
0.0677756673
0
0.000265358444058228
0.131653521240113
-99
0.1273180337
0.0360791519134151
0.1041693004
0
0.0021089600164522
0.1425166745059
-99
0.0212903372
0.0387120042030906
0.0174193668
0
0.00108410135279857
0.102869263145965
-99
0
0.0133430769671197
0.0036077184
0
0.000153462485992921
0.0145437657460917
-99
0
0.008529184
0
0
0
0.019230364
-99
0.0535702343
0.0135947060896083
0.0803553509
0
0.0124701448841748
0.060929206753631
-99
0
0.0168613015480965
0.0065120858
0
0.000209768001707191
0.0247060089789131
-99
0
0.0263347800908373
0.0257568223
0
0.000524357740711906
0.0209888277351632
-99
0
0.0183700098291484
0.0258994934
0
0.00264722040067393
0.0377253380441485
-99
0.0604906027
0.023644175469199
0.0494923121
0
0.000433772996658283
0.0608861730828822
-99
0
0.0231601753810045
0.0306484299
0
0.000689029512746101
0.0168825303048537
-99
0
0.0222949195631212
0.0045819224
0
0.000219215268114583
0.0372683038646375
-99
0
0.0140364103077971
0.0210789392
0
0.000725771281051075
0.0285299168360969
-99
0
0.00574924772878372
0.0032463717
0
0.000401943990049986
0.0127444725413151
-99
0
0.010599639
0.010200386
0
0.000891412
0.01243641
-99
0
0.0105175319421641
0.006159725
0
0.000439533346838735
0.0170691054864164
-99
0
0.00654648211368343
0.0151025666
0
0.00104848240107847
0.0123575514029825
-99
0
0.00345312
0.009059664
0
0.000934162
0.005620047
-99
0
0.004314657
0.0298502
0
0.008552121
0.005207238
-99
0
0.001132491
0.0009496
0
0.000144955
0.003168243
-99
0
0.002230169
0.015905151
0
0.003456319
0.005696027
-99
0
0.049508613
0.046238747
0
0.002576345
0.045192191
-99
0.070134673
0.045698108
0.057382914
0
0
0.072774362
-99
0
0.061819871
0.082030574
0
0.020045735
0.029579152
-99
0
0.000357433
0
0
0
0.000409142
-99
0.045158745
0.086387056
0.036948064
0
0.011678323
0.102830546
-99
0
0.002086302
0.001655399
0
0.000632257
0.00714783
-99
0
0.08347392
0.037457249
0
0.002657802
0.053811027
-99
0
0.00283982
0.000260092
0
6.80724e-05
0.002520857
-99
0
0.0272210841617184
0.15844518515694
0
0.0380843047279093
0.0136114936647096
-99
0
0.002712718
0.001573969
0
0.000476443
0.001440648
-99
0
0.086316908162453
0.19818598980257
0
0.0288081831431519
0.082340545930882
-99
0.052660185
0.149878396
0.043085606
0
3.11577e-06
0.130293836
-99
0.14948767187233
0.120357783797452
0.12230809472904
0
0.000895197516290142
0.0918817182786832
-99
0.12720450251388
0.11294165629607
0.10407641129413
0
0.0002445263696003
0.0710364313935491
-99
0.02902789343938
0.167456049086314
0.0237500943394
0
0.000734773284351982
0.157886487214588
-99
0
0.0226742768671828
0.07378755294515
0
0.0271599879798921
0.0309140923569683
-99
0.11901263212531
0.000308303249807695
0.09737397115325
0
0.0298408398874437
0.127964865966397
-99
0.01228663554734
0.0101391302039682
0.01005270195787
0
0.00384215674972978
0.121156543152456
-99
0.017773985
0.175683585
0.014542351
0
3.32386e-06
0.128084894
-99
0
0.010683115
0.027939905
0
0.004902978
0.004173554
-99
0.055217156
0.189661834
0.045177673
0
3.13654e-06
0.107988719
-99
0.026676089
0.163293112
0.021825891
0
0.002049296
0.14880158
-99
0
0.061487452
0.044372454
0
0.002612871
0.05221086
-99
0
0.012531758
0.009023986
0
0.001441088
0.004939736
-99
0
0.080883531
0.085904976
0
0.025880628
0.008865148
-99
0
0.02992536
0.00763161
0
0.003473166
0.009147525
-99
0.065305646
0.168872035
0.053431892
0
0.000178636
0.089032032
-99
0.133997252969316
0.139502417520281
0.1096341154216
0
0.000999395024761031
0.146263762524979
-99
0.054455613
0.261985969
0.044554592
0
0.000381802
0.076239525
-99
0.041517741
0.051308343
0.033969061
0
0.005118596
0.066821185
-99
0.09149643101335
0.118443316996072
0.074860714995242
0
0.00247214683175984
0.141117890345791
-99
0.101482591046397
0.0419582693627048
0.083031211017194
0
0.000150409204602747
0.107165512803902
-99
0.173608290449594
0.235545773818863
0.142043146248333
0
0.00231006977699681
0.098169505502034
-99
0
0.012292901
0.005940159
0
0.003624361
0.015181902
-99
0
0.072377338
0.036114491
0
0.012422256
0.018986745
-99
0
0.013940035
0.004299984
0
0.00107497
0.012067736
-99
0.137960254413487
0.0653473181262282
0.112876571631802
0
0.000849558913742688
0.157074039001765
-99
0.059350319326188
0.229005536780974
0.048559351531768
0
9.19682882723929e-07
0.133859101951286
-99
0
0.032859858
0.008725593
0
0.003652706
0.012226961
-99
0.161003045776342
0.22602565919209
0.131729764726098
0
0.000382805969939049
0.102319665291137
-99
0
0.093898719
0.029320927
0
0.010937204
0.010421983
-99
0.062460385011299
0.396847506972673
0.051103950889728
0
3.52042190028744e-06
0.0890524194397164
-99
0
0.00343360916849189
0.00276057369000468
0
0.000800466852487687
0.00972557405275671
-99
0.07688231057166
0.307007139239674
0.062903707522183
0
4.07192512948469e-06
0.0723287039889332
-99
0
0.053075237
0.030247005
0
0.002895149
0.032633104
-99
0
0.041192131
0.008289326
0
0.001171317
0.047487846
-99
0.068698689054259
0.230660330016422
0.056208018317121
0
1.45786208223238e-05
0.0983375890752362
-99
0.189884321123189
0.261802352869888
0.155359899422893
0
0.000311743878318921
0.061725320436801
-99
0.108225178785812
0.163003289544923
0.088547873229926
0
6.37400910730709e-06
0.239642095361266
-99
0.123169718384295
0.103102824317817
0.100775222683146
0
0.000354748541457536
0.0981897960299188
-99
0.197170181073547
0.243759834958667
0.161321056919891
0
6.09256395387048e-05
0.0573230269373477
-99
0.099821706548311
0.237107573734972
0.081672305035607
0
0.000604564540245724
0.166567345508002
-99
0.072892966015419
0.212001667410957
0.059639698500855
0
4.98817589061994e-06
0.215056764695247
-99
0.292750458793122
0.145554069173267
0.239523102487867
0
2.42983977320768e-05
0.0418059003086377
-99
0.0869916188960611
0.176419811688508
0.07117496107601
0
0.000645318761429385
0.129260231736481
-99
0.055110098702054
0.334043863609917
0.045090080595175
0
7.9510676462943e-06
0.0891353243971213
-99
0.177162854962093
0.208362452095154
0.144951425820861
0
2.92948912602246e-06
0.087898535154662
-99
0.141825384198652
0.260959359928905
0.116038949741682
0
0.000953290510897821
0.0993269353127488
-99
0
0.048210504
0.016429708
0
0.000827748
0.051779595
-99
0.033880025244351
0.0117919408006737
0.027720020654469
0
0.000102507361377543
0.0450889368968866
-99
0.266041492803207
0
0.217670312937737
0
6.35645628143406e-05
0.0379004009392842
-99
0.167497092365262
0.0273137643840887
0.137043076537884
0
0.00153484734921757
0.0735334313086644
-99
0.0945651466931601
0
0.077371482852785
0
3.05197572913128e-05
0.0562772110936433
-99
0.210017034779101
0
0.171832119847872
0
0.000950908671864997
0.0533201909488758
-99
0.019869525239069
0.323549507698153
0.016256883642307
0
5.16364023478115e-07
0.133211715599319
-99
0.043584848989671
0.00177584275758015
0.035660330669447
0
4.84093366249114e-05
0.0379457731995707
-99
0
0.0165834155595026
0.0205618590550218
0
0.00131361367056286
0.020710537247985
-99
0.142620981614386
0
0.116689893887083
0
2.78038979484416e-05
0.0842590449092117
-99
0
0.0518622698793038
0.0176742177075379
0
0.000421928033278751
0.00835972637343624
-99
0.059471965333814
0.266063271087224
0.04865888137187
0
1.185197440417e-06
0.143289235481788
-99
0.045119336153529
0.144056045384244
0.036915820006098
0
2.19490142975612e-06
0.325944688251
-99
0
0.00434365911616922
0.0025051908063589
0
0.000365229644356552
0.00304311865493646
-99
0.042620827498106
0.0757887812270888
0.034871587423222
0
1.06849893527145e-05
0.110372693777193
-99
0.105722067614911
0.226804145284959
0.0864998725368031
0
4.58959675980222e-06
0.0914393526534777
-99
0.115650150563695
0.270494771269865
0.094622849978052
0
2.64169074176536e-06
0.099684344365685
-99
0
0.0140584503720456
0.00766256687813364
0
0.000572327304117339
0.0175766940070206
-99
0
0.08876054
0.166070184
0
0.025166296
0.165137542
-99
0
0.0101939948740648
0.00672284541048417
0
0.000614777123607622
0.0143844437344348
-99
0.065567114847047
0.234409203711561
0.053645820272187
0
5.75200286045899e-06
0.0997007184184537
-99
0
0.00760061286017509
0.00180840654572435
0
7.85717588703084e-05
0.00817783995898257
-99
0
0.00701048601283236
0.00019247069566109
0
8.12343571127044e-06
0.00714276042805644
-99
0.044117374911588
0.077007670101522
0.03609603369647
0
3.74373663141745e-07
0.314521097526119
-99
0.055716874288603
0.0883192239599588
0.04558653399201
0
3.95593862463665e-07
0.221359322960536
-99
0
0.00767049804256464
0.00961162286003734
0
0.000345283297804386
0.00229826474810333
-99
0
0.0993397826048903
0.100540240068471
0
0.000544894321640175
0.00379701182664971
-99
0
0.00324601832916719
0.00309404537040995
0
0.00629628877247855
0.00866081365505434
-99
0
0
0
0
0
0
-99
0
0.00554199505844231
0.00718331186634908
0
0.000319180970631861
0.00251543150671885
-99
0.00031320619179553
0.01436629101545
0.0004698103594877
0
0.000192080698570305
0.00467022556129917
-99
0
0
0
0
0
0
-99
0
0
0
0
0
0
-99
0.00109159
0.032930062
0.001637385
0
0.000180184
0.005199609
-99
0
0.015342555
0.019135837
0
0.002382415
0.008756969
-99
0
0.05589988
0.068464655
0
0.012531316
0.035444197
-99
0.002591901
0.111310699
0.003887852
0
0.000412572
0.019452864
-99
0.000268207
0.010397765
0.000402311
0
3.05031e-06
0.00832944
-99
0.004389875
0.169552529
0.006584812
0
0.000111586
0.022401287
-99
5.36404e-05
0.012691359
8.04607e-05
0
6.27224e-06
0.008287125
-99
3.54251e-05
0.010455661
5.31377e-05
0
3.93336e-06
0.009461682
-99
7.79249e-05
0.02405087
0.000116887
0
9.8018e-06
0.016073486
-99
0.064958485
0.154746696
0.053147851
0
0.001365156
0.129465056
-99
0.036241
0.161430537
0.0543615
0
0.000425759
0.143913856
-99
0.000248019
0.352831764
0.000372028
0
7.36832e-08
0.071087055
-99
0.00058456309925343
0.0271981939023521
0.000876843577085741
0
0.000366534813016096
0.0102564238793211
-99
0.004305132
0.0879377
0.006457698
0
0.014079971
0.164198231
-99
0.00381010906880164
0.0917206064575565
0.00571516360320246
0
0.00240950893635325
0.0239561074149217
-99
0.000876983
0.066520203
0.001315475
0
9.74995e-05
0.015014688
-99
0.00011542582665207
0.0288583090656094
0.000173138739978105
0
0.000111181878935343
0.00964475378986666
-99
0.0028614123948047
0.0163078370886195
0.00429211644861824
0
0.00930177435650861
0.0932556321565601
-99
0
0
0
0
0
0
-99
1.07454891662085e-05
0.0198278978267935
1.61182444672568e-05
0
1.79027434180846e-05
0.00791316158865797
-99
0
0.193485552
0
0
0
0.062023591
-99
0.031734527
0.232791819
0.047601791
0
0.00099338
0.066890563
-99
0.014575409
0.186980426
0.021863114
0
0.000324482
0.027712409
-99
0
0
0
0
0
0
-99
0.001587585
0.094923658
0.002381377
0
6.40706e-05
0.073621954
-99
0.000130566
0.017402452
0.000195849
0
0.000150439
0.005819447
-99
0.015462872
0.05632215
0.023194308
0
0.001580528
0.010151364
-99
7.11922e-06
0.030925911
1.06788e-05
0
7.23939e-06
0.012251496
-99
0.004333349
0.123986483
0.006500023
0
0.00023606
0.029857665
-99
0.004905112
0.133528394
0.007357668
0
0.000660601
0.069974397
-99
0.013764688
0.082908454
0.020647032
0
0.00051772
0.014671568
-99
0
0.064598116
0
0
0
0.008721791
-99
0
0.094125976
0
0
0
0.005992142
-99
0.000383029
0.042753994
0.000574544
0
0.000104446
0.016922229
-99
0.008335749
0.074222797
0.012503623
0
0.000117118
0.010074793
-99
0.007352433
0.044842776
0.011028649
0
0.0004369
0.006838935
-99
0.013095368
0.153402429
0.019643052
0
0.00069729
0.015826225
-99
8.17951e-05
0.016813569
0.000122693
0
5.45459e-05
0.008939091
-99
0
0
0
0
0
0
-99
0.001738033
0.061024233
0.00260705
0
0.000119074
0.025748841
-99
0.015273537
0.137553802
0.022910305
0
0.000390462
0.026050787
-99
0.001557241
0.032746828
0.002335861
0
0.000586351
0.025976885
-99
0
0
0
0
0
0
-99
0.020606382
0.176971431
0.030909574
0
0.001098499
0.077488036
-99
0.003300772
0.098603945
0.004951157
0
0.000592906
0.099256473
-99
0.000709456
0.02188186
0.001064185
0
0.001295523
0.045034159
-99
0.00795192
0.260982221
0.01192788
0
9.24647e-05
0.041157162
-99
0.048885067
0.204253349
0.0733276
0
0.003270052
0.149270694
-99
0.018734819
0.168415475
0.028102229
0
0.000438206
0.045216601
-99
0.045428508
0.296045305
0.068142762
0
0.001962777
0.090497635
-99
0.025862079
0.306477227
0.038793118
0
3.6953e-05
0.061178185
-99
0.023991036
0.306153551
0.035986554
0
3.58718e-05
0.061795093
-99
0.015920908
0.105216197
0.023881362
0
0.000973219
0.037584557
-99
0.038408093
0.15718264
0.057612139
0
0.000446408
0.069979801
-99
0.031347866
0.17614982
0.047021799
0
0.000764901
0.06225494
-99
0.041440325
0.204465475
0.062160488
0
7.26863e-05
0.080865807
-99
0.009715792
0.08337893
0.014573688
0
1.13227e-05
0.084620168
-99
0.056214979
0.314229925
0.084322469
0
0.001830976
0.067387312
-99
0.050478923
0.175568851
0.075718384
0
0.001360221
0.097589704
-99
0.040378201
0.112983609
0.060567301
0
0
0
0.010221303
0.041342915
-99
0.026889974
0.572417014
0.040334961
0
0.000113406
0.037295916
-99
0.055881108
0.444334444
0.083821662
0
5.96949e-05
0.037888165
-99
0.035847367
0.381404739
0.053771051
0
7.41422e-05
0.046852343
-99
0.03166822
0.481498834
0.047502331
0
0.000201599
0.039584416
-99
0.047722965
0.420547536
0.071584448
0
0.007017597
0.043556533
-99
0.031418481
0.332318026
0.047127721
0
0
0
0.000657675
0.065840879
-99
0.453560833
0.02605361
0.090712167
0
0.362848666
0
0.062866804
0.00395792
-99
0.438414012
0.021115059
0.087682802
0
0.35073121
0
0.094230975
0.007825941
-99
0.210469339
0.365932013
0.315704008
0
0
0.057848036
0.022731629
-99
0.43323724
0.04607743
0.086647448
0
0.346589792
0
0.073885171
0.01356292
-99
0
0.101173350475957
0.43097683726108
0
0.00135668784808873
0.000673004456342013
-99
0
0.054006798
0.029017033
0
0.003270604
0.042027378
-99
0.0355976544
0.0405418118963812
0.0291253534
0
0.000407983340926874
0.166481212055701
-99
0
0.022691060083128
0.05704166161584
0
0.00572708733843577
0.0483686256587889
-99
0.11493959757797
0.140501382532155
0.09404148936666
0
6.73989210764549e-06
0.0867564374262074
-99
0.12570282433764
0.105651378998636
0.1028477644887
0
0.00923182462511701
0.0742525071689195
-99
0.071530649
0.169328511
0.058525077
0
0.002704825
0.123113269
-99
0.039137885
0.131920013
0.032021906
0
0.003372211
0.080954125
-99
0.06223922510762
0.373586461433612
0.050923001877627
0
2.04165700519055e-06
0.0718526496634714
-99
0.117330212209606
0.168077890225141
0.0959974466754161
0
9.44669969373665e-06
0.0852089101584705
-99
0.108542274032324
0.302629758385359
0.088807314795254
0
3.16166659037604e-06
0.0861543374335574
-99
0.117510801594824
0.335589656449283
0.0961452001774991
0
3.56520777496291e-06
0.0644999782341631
-99
0.110909552535111
0.316023047105101
0.090744180152164
0
2.50932147782626e-06
0.0793055189685376
-99
0.002605939
0.049964712
0.003908908
0
0.001011889
0.03230747
-99
0.000727122
0.093146126
0.001090683
0
0.000899954
0.017045517
-99
0.0036997
0.004998771
0
0.079831642
-99
0.114234375
1.33889e-05
0
0.089064118
-99
0.018955584
0.001856719
0
0.084047114
-99
0.002279481
0.001240741
0
0.05656823
-99
0.002501099
0.001021458
0
0.074287752
-99
0.003341893
0.000223667
0
0.128735619
-99
0.005431869
0.025538398
0.004444257
0
9.16651e-06
0.025810313
-99
0
0.034314293
0.028706053
0
0.005262673
0.015213722
-99
0
0.121688106
0.085270177
0
0.011359173
0.119924489
-99
0
0.0119039013817412
0.0148321624
0
0.00031509174059341
0.0280991153346535
-99
0
0.014603933922937
0.0035194841
0
0.000178011843397113
0.0277412117644242
-99
0
0.0284450868988505
0.0039861481
0
0.000462745640470751
0.0316296092824476
-99
0
0.108824279053066
0.00124190452375
0
0
0.00096651142042746
-99
0
0.0803911742048127
0.06652652512638
0
0.00250173007867864
0.052595107752853
-99
0
0.00290896020738239
0.0001353286
0
9.86681859604811e-06
0.00710125462428043
-99
0
0.001115076
0.078195409
0
0.032265113
0.003402932
-99
0
0.0129249256704831
0.0001798236
0
5.37740207657111e-06
0.0280939636485176
-99
0
0.003859533
0.019159164
0
0.004258511
0.005978764
-99
0
0.0455151425892902
0.0117099669410247
0
0.000396239291395755
0.00368052565384802
-99
0
0.00772623
0.005241832
0
0.001490051
0.006445984
-99
0
0.014249645
0.009050502
0
0.001935517
0.004804831
-99
0
0.00911305537949292
0.00970882389462678
0
0.000622241449105671
0.0107203357141093
-99
0
0.0074802
0.012185699
0
0.001997766
0.00653661
-99
0.0094661289131474
0.00613421858703559
0.0141991944415155
0
0.0175872727227472
0.0246263157545975
-99
0
0.001905702
0.003990292
0
0.000828437
0.002744179
-99
0
0.00749174643399194
0.00349941945026905
0
0.000211868071416316
0.00982592841289088
-99
0
0.003559188
0
0
0
0.001586536
-99
0.015658661
0.003476768
0
0.107813744
-99
0.036098968
1.27349e-05
0
0.070106413
-99
0.012139541
0.000755554
0
0.089458467
-99
0.015889045
0
0
0.097905144
-99
0.000276214
0.013199744
0.000414321
0
0.000221597
0.006216166
-99
0.00056634902513486
0.00146511674383761
0.000849523537702291
0
6.74514777751698e-05
0.000543331008902283
-99
0.002871813760904
0.00377386983224895
0.002349665643325
0
0.000149446361605285
0.088226231466318
-99
0
0.041382458
0.035791122
0
0.005553588
0.028478891
-99
0.347194142
0.101187661
0.069438828
0
0.277755314
0
0.169200422
0.035223632
-99
0.013207303
0.166962678
0.019810954
0
0.001235249
0.141048282
-99
