0
0
0
0
-99
0
0
0
0
-99
0
0
0.001093549
0.006836127
-99
0
0
0.000341034
0.00462591
-99
0
0
0.001518872
0.008575947
-99
0
0
0.009637725
0.030162315
-99
0
0
0.002729599
0.019690649
-99
0
0
0.00296064
0.004292063
-99
0
0
0.001469449
0.005099078
-99
0
0
0.026130159
0.100979041
-99
0
0
0.008132963
0.017061315
-99
0
0
0.017670405
0.041238318
-99
0
0
0.010486901
0.037739018
-99
0
0
0.061137242
0.035054556
-99
1.64551e-06
1.01134e-05
0.00193826
0.030362004
-99
0.012654385
0.002547999
0
0.062565351
-99
0.004550655
0.000702146
0
0.043950807
-99
0.063405737
0
0
0.09527302
-99
0.003591978
0.001181607
0
0.101541312
-99
0
0.0030976
0
0.023943942
-99
0
0
0
0.130403258
-99
0.06390320244
0.000979609830139505
0
0.196184087479147
-99
0.00745225932
0.000171693270243037
0
0.162804937435723
-99
0.02885005662
5.82082909079552e-06
0
0.0795698713172809
-99
0.03184867378
0.0120673818288818
0
0.173299377757607
-99
0.00422882053
0.0188689187698732
0
0.122943689047597
-99
0
0.013686813
0
0.099696013
-99
0.02284765197
0.0254579294424671
0
0.110258845393334
-99
0
0
0
0.092907862
-99
0.0223247541
0.000202349087028821
0
0
3.71933022924676e-06
0.031978378128145
-99
0.04603459157
0.00951168449998714
0
0
0.000223199699179584
0.064893194524843
-99
0
0.005074934
0.002664545
0
0.001229532
0.005567031
-99
0.14398129768
6.23177499654595e-05
0
0.152221683225416
-99
0.00431865698
0.0259535195720508
0.00647798547
0
0.00202081507311114
0.0633945988458661
-99
0.04963861771
0.00638929642603816
0
0
0.00147106488845355
0.059770686451842
-99
0.07287082704
1.05832337207979e-05
0
0.05212017478486
-99
0.03079833086
0.00394358903463871
0
0
0.00282090068135761
0.0337252625626376
-99
0
0.0240770021982068
0.00510460159
0
0.00423540950305404
0.0332638965620697
-99
0.00575857876
0.0228265115912803
0.00863786814
0
0.00797371620958555
0.0731438883918368
-99
0.00195123148
0.00986418495815545
0.00292684722
0
0.00176881516498901
0.0243649103388921
-99
0
0
0
0
0
0
-99
0
0.007453524
0.008915312
0
0.000751552
0.013477898
-99
0
0.01146841
0
0
0
0.008713916
-99
0
0.008203829
0.002268033
0
0.000161239
0.016272437
-99
0.00935957627
0.0232937701623374
0.0140393638
0
0.00293491980447166
0.0628081077893866
-99
0
0.00230296276174243
0.00449135423
0
0.000582619804034652
0.00234567731590496
-99
0
0.010135709
0.005638818
0
0.000462938
0.011445644
-99
0.00813532005
0.0280814047948312
0.01220297947
0
0.00372588936802174
0.0961332085326
-99
0
0.0146305956623341
0.00782129359
0
0.00718450377248315
0.0529466568834997
-99
0
0.0317056947919273
0.02290146672
0
0.000342735821572939
0.0317795692857673
-99
0
0.009726653
0.001089965
0
3.55913e-05
0.019888382
-99
0.02055689691
0.0592021598062621
0.03083534476
0
0.00995480661365852
0.149471385535399
-99
0.08685729085
0.0575168170555968
0.07106505571
0
0.000460720434585409
0.235757038137825
-99
0
0.006478245
0.001869324
0
0.000191093
0.015309896
-99
0
0.014138207
0.01365455
0
0.000354741
0.019242486
-99
0.09112061937
0.129121927623476
0.07455323403
0
0.00026065313252228
0.129319053104238
-99
0.14004983707
0.0349923947181716
0.11458623044
0
0.00204543503454962
0.13822386236239
-99
0.02341937092
0.0385561168264902
0.01916130348
0
0.00107973584087699
0.102455024206526
-99
0
0.013347469
0.003279744
0
0.000153513
0.014548553
-99
0
0.008529184
0
0
0
0.019230364
-99
0.05892725773
0.0133844840881775
0.08839088599
0
0.012277312556767
0.0599870267826252
-99
0
0.016871349
0.005920078
0
0.000209893
0.024720731
-99
0
0.026398074
0.023415293
0
0.000525618
0.021039273
-99
0
0.018414412
0.023544994
0
0.002653619
0.037816524
-99
0.06653966297
0.0233519950853178
0.05444154331
0
0.000428412692982395
0.0601337786740526
-99
0
0.023226745
0.027862209
0
0.00069101
0.016931056
-99
0
0.022304249
0.004165384
0
0.000219307
0.037283899
-99
0
0.014063887
0.019162672
0
0.000727192
0.028585765
-99
0
0.00575095
0.002951247
0
0.000402063
0.012748246
-99
0
0.010599639
0.010200386
0
0.000891412
0.01243641
-99
0
0.010523458
0.00559975
0
0.000439781
0.017078723
-99
0
0.006555608
0.013729606
0
0.001049944
0.012374778
-99
0
0.00345312
0.009059664
0
0.000934162
0.005620047
-99
0
0.004314657
0.0298502
0
0.008552121
0.005207238
-99
0
0.001132491
0.0009496
0
0.000144955
0.003168243
-99
0
0.002230169
0.015905151
0
0.003456319
0.005696027
-99
0
0.049508613
0.046238747
0
0.002576345
0.045192191
-99
0.070134673
0.045698108
0.057382914
0
0
0.072774362
-99
0
0.061819871
0.082030574
0
0.020045735
0.029579152
-99
0
0.000357433
0
0
0
0.000409142
-99
0.045158745
0.086387056
0.036948064
0
0.011678323
0.102830546
-99
0
0.002086302
0.001655399
0
0.000632257
0.00714783
-99
0
0.08347392
0.037457249
0
0.002657802
0.053811027
-99
0
0.00283982
0.000260092
0
6.80724e-05
0.002520857
-99
0
0.0288456708238388
0.1082201934
0
0.0403572213071873
0.0144238437874252
-99
0
0.002712718
0.001573969
0
0.000476443
0.001440648
-99
0
0.0930798556153631
0.1353636977
0
0.0310653101992354
0.0887919445876369
-99
0.052660185
0.149878396
0.043085606
0
3.11577e-06
0.130293836
-99
0.1021020913
0.134597603769152
0.0835380744
0
0.00100111049564956
0.102752466191264
-99
0.0868823868
0.123712931214832
0.0710855893
0
0.000267846912597713
0.0778111941948124
-99
0.0198264418
0.170413671402289
0.016221634
0
0.000747750909674204
0.160675091152903
-99
0
0.0232468708342833
0.0503978915
0
0.027845859699414
0.0316947665493879
-99
0.0812872291
0.000335289804820182
0.0665077325
0
0.0324528832821974
0.139165950928109
-99
0.0083919374
0.0102125686834562
0.0068661307
0
0.00386998577884552
0.122034089069132
-99
0.017773985
0.175683585
0.014542351
0
3.32386e-06
0.128084894
-99
0
0.010683115
0.027939905
0
0.004902978
0.004173554
-99
0.055217156
0.189661834
0.045177673
0
3.13654e-06
0.107988719
-99
0.026676089
0.163293112
0.021825891
0
0.002049296
0.14880158
-99
0
0.061487452
0.044372454
0
0.002612871
0.05221086
-99
0
0.012531758
0.009023986
0
0.001441088
0.004939736
-99
0
0.080883531
0.085904976
0
0.025880628
0.008865148
-99
0
0.02992536
0.00763161
0
0.003473166
0.009147525
-99
0.065305646
0.168872035
0.053431892
0
0.000178636
0.089032032
-99
0.0832017516
0.156536187768148
0.06807416
0
0.00112142491887499
0.164123118446728
-99
0.054455613
0.261985969
0.044554592
0
0.000381802
0.076239525
-99
0.041517741
0.051308343
0.033969061
0
0.005118596
0.066821185
-99
0.056812085
0.127403179534491
0.0464826142
0
0.00265915692527225
0.151793012685128
-99
0.0630127047
0.0455570814114237
0.0515558494
0
0.000163309985926291
0.11635722982521
-99
0.1077970894
0.276730395714548
0.0881976183
0
0.00271398001820294
0.115334211538733
-99
0
0.012292901
0.005940159
0
0.003624361
0.015181902
-99
0
0.072377338
0.036114491
0
0.012422256
0.018986745
-99
0
0.013940035
0.004299984
0
0.00107497
0.012067736
-99
0.0856624637
0.0736414703305491
0.0700874702
0
0.000957388448896806
0.177010526438197
-99
0.0368518788
0.239506445306748
0.0301515368
0
9.61854377614204e-07
0.139997129025614
-99
0
0.032859858
0.008725593
0
0.003652706
0.012226961
-99
0.0999702242
0.261488619966879
0.0817938198
0
0.000442867438821953
0.118373410205228
-99
0
0.093898719
0.029320927
0
0.010937204
0.010421983
-99
0.0387829849
0.416120437564956
0.0317315328
0
3.69139146856664e-06
0.0933772572395788
-99
0
0.00343868
0.001287828
0
0.000801649
0.009739937
-99
0.047737866
0.325919035092899
0.0390582533
0
4.32275911387236e-06
0.0767842124843549
-99
0
0.053075237
0.030247005
0
0.002895149
0.032633104
-99
0
0.041192131
0.008289326
0
0.001171317
0.047487846
-99
0.0426564809
0.243140878460004
0.0349007571
0
1.53674395299041e-05
0.10365843052288
-99
0.1179032239
0.314132261694785
0.0964662743
0
0.00037405626226169
0.0740631789596028
-99
0.0671993212
0.178140751908398
0.0549812626
0
6.96593779313717e-06
0.261896696537493
-99
0.0764787045
0.114381254103448
0.0625734846
0
0.000393554525123423
0.10893078908725
-99
0.1224271697
0.2953976022728
0.1001676841
0
7.38320480062762e-05
0.0694662626235486
-99
0.0619814261
0.257037937321147
0.0507120757
0
0.000655381943117359
0.180568364983109
-99
0.0452607969
0.224279972822825
0.0370315605
0
5.27707148177784e-06
0.227512009364139
-99
0.1817750022
0.20834496551174
0.1487250017
0
3.47805380243528e-05
0.0598406414019381
-99
0.0540149511
0.188984892078331
0.044194051
0
0.000691280051359437
0.138466483502827
-99
0.0342190354
0.348145043427022
0.0279973925
0
8.28671049692692e-06
0.0928980435316587
-99
0.1100041943
0.245894504196969
0.0900034311
0
3.45717411630739e-06
0.103731581694119
-99
0.0880624052
0.295331787741379
0.0720510582
0
0.00107885377591763
0.112409845673971
-99
0
0.048210504
0.016429708
0
0.000827748
0.051779595
-99
0.0210368301
0.0120853729564537
0.0172119519
0
0.000105058167605354
0.0462109357416169
-99
0.1651908357
0
0.1351561387
0
8.61401426345215e-05
0.0513611011901579
-99
0.1040025162
0.0318477845610391
0.0850929684
0
0.00178962837288141
0.0857398066930877
-99
0.058717516
0
0.0480416035
0
3.2921991055576e-05
0.060706834021418
-99
0.1304040551
0
0.1066942272
0
0.00117358063096048
0.065806049716622
-99
0.0123374119
0.328146510952486
0.0100942457
0
5.2370054243386e-07
0.135104392533004
-99
0.0270627621
0.00183378065330676
0.0221422597
0
4.99887191944527e-05
0.039183775968407
-99
0
0.016769148
0.009592259
0
0.001328326
0.020942493
-99
0.0885564086
0
0.0724552433
0
3.14938422057934e-05
0.0954413323521176
-99
0
0.052360081
0.008245153
0
0.000425978
0.008439969
-99
0.0369274114
0.278291476981681
0.030213337
0
1.23966883839606e-06
0.14987477533015
-99
0.0280155579
0.148936213742748
0.0229218198
0
2.26925782680256e-06
0.336986675069271
-99
0
0.004349479
0.00116869
0
0.000365719
0.003047196
-99
0.0264641806
0.0782021491096425
0.0216525122
0
1.10252350950495e-05
0.113887328924507
-99
0.0656450861
0.247263467747198
0.0537096153
0
5.00361053350315e-06
0.0996878227126355
-99
0.0718096445
0.297796789771635
0.0587533452
0
2.90832617123797e-06
0.109745846854003
-99
0
0.014116364
0.003574644
0
0.000574685
0.017649101
-99
0
0.08876054
0.166070184
0
0.025166296
0.165137542
-99
0
0.010230804
0.003136257
0
0.000616997
0.014436384
-99
0.0407120197
0.246436180381687
0.0333098337
0
6.04712439627703e-06
0.104816124278921
-99
0
0.007607959
0.000843635
0
7.86477e-05
0.008185744
-99
0
0.007011206
8.9789e-05
0
8.12427e-06
0.007143494
-99
0.0273934188
0.0795534639784828
0.022412797
0
3.86750068999307e-07
0.324918839506903
-99
0.0345957953
0.0920931689286147
0.028305651
0
4.12497877240253e-07
0.230818168562834
-99
0
0.007710212
0.004483893
0
0.000347071
0.002310164
-99
0
0.105263711
0.046902764
0
0.000577388
0.004023439
-99
0
0.003251393
0.001443395
0
0.006306714
0.008675154
-99
0
0
0
0
0
0
-99
0
0.005563387
0.003351068
0
0.000320413
0.002525141
-99
0.000146113
0.014372297
0.00021917
0
0.000192161
0.004672178
-99
0
0
0
0
0
0
-99
0
0
0
0
0
0
-99
0.00109159
0.032930062
0.001637385
0
0.000180184
0.005199609
-99
0
0.015342555
0.019135837
0
0.002382415
0.008756969
-99
0
0.05589988
0.068464655
0
0.012531316
0.035444197
-99
0.002591901
0.111310699
0.003887852
0
0.000412572
0.019452864
-99
0.000268207
0.010397765
0.000402311
0
3.05031e-06
0.00832944
-99
0.004389875
0.169552529
0.006584812
0
0.000111586
0.022401287
-99
5.36404e-05
0.012691359
8.04607e-05
0
6.27224e-06
0.008287125
-99
3.54251e-05
0.010455661
5.31377e-05
0
3.93336e-06
0.009461682
-99
7.79249e-05
0.02405087
0.000116887
0
9.8018e-06
0.016073486
-99
0.064958485
0.154746696
0.053147851
0
0.001365156
0.129465056
-99
0.036241
0.161430537
0.0543615
0
0.000425759
0.143913856
-99
0.000248019
0.352831764
0.000372028
0
7.36832e-08
0.071087055
-99
0.000272703
0.02721943
0.000409054
0
0.000366821
0.010264432
-99
0.004305132
0.0879377
0.006457698
0
0.014079971
0.164198231
-99
0.001777444
0.092191182
0.002666166
0
0.002421871
0.024079015
-99
0.000876983
0.066520203
0.001315475
0
9.74995e-05
0.015014688
-99
5.3847e-05
0.028862753
8.07705e-05
0
0.000111199
0.009646239
-99
0.00133487
0.016370522
0.002002304
0
0.009337529
0.093614093
-99
0
0
0
0
0
0
-99
5.01285e-06
0.019828182
7.51928e-06
0
1.7903e-05
0.007913275
-99
0
0.193485552
0
0
0
0.062023591
-99
0.031734527
0.232791819
0.047601791
0
0.00099338
0.066890563
-99
0.014575409
0.186980426
0.021863114
0
0.000324482
0.027712409
-99
0
0
0
0
0
0
-99
0.001587585
0.094923658
0.002381377
0
6.40706e-05
0.073621954
-99
0.000130566
0.017402452
0.000195849
0
0.000150439
0.005819447
-99
0.015462872
0.05632215
0.023194308
0
0.001580528
0.010151364
-99
7.11922e-06
0.030925911
1.06788e-05
0
7.23939e-06
0.012251496
-99
0.004333349
0.123986483
0.006500023
0
0.00023606
0.029857665
-99
0.004905112
0.133528394
0.007357668
0
0.000660601
0.069974397
-99
0.013764688
0.082908454
0.020647032
0
0.00051772
0.014671568
-99
0
0.064598116
0
0
0
0.008721791
-99
0
0.094125976
0
0
0
0.005992142
-99
0.000383029
0.042753994
0.000574544
0
0.000104446
0.016922229
-99
0.008335749
0.074222797
0.012503623
0
0.000117118
0.010074793
-99
0.007352433
0.044842776
0.011028649
0
0.0004369
0.006838935
-99
0.013095368
0.153402429
0.019643052
0
0.00069729
0.015826225
-99
8.17951e-05
0.016813569
0.000122693
0
5.45459e-05
0.008939091
-99
0
0
0
0
0
0
-99
0.001738033
0.061024233
0.00260705
0
0.000119074
0.025748841
-99
0.015273537
0.137553802
0.022910305
0
0.000390462
0.026050787
-99
0.001557241
0.032746828
0.002335861
0
0.000586351
0.025976885
-99
0
0
0
0
0
0
-99
0.020606382
0.176971431
0.030909574
0
0.001098499
0.077488036
-99
0.003300772
0.098603945
0.004951157
0
0.000592906
0.099256473
-99
0.000709456
0.02188186
0.001064185
0
0.001295523
0.045034159
-99
0.00795192
0.260982221
0.01192788
0
9.24647e-05
0.041157162
-99
0.048885067
0.204253349
0.0733276
0
0.003270052
0.149270694
-99
0.018734819
0.168415475
0.028102229
0
0.000438206
0.045216601
-99
0.045428508
0.296045305
0.068142762
0
0.001962777
0.090497635
-99
0.025862079
0.306477227
0.038793118
0
3.6953e-05
0.061178185
-99
0.023991036
0.306153551
0.035986554
0
3.58718e-05
0.061795093
-99
0.015920908
0.105216197
0.023881362
0
0.000973219
0.037584557
-99
0.038408093
0.15718264
0.057612139
0
0.000446408
0.069979801
-99
0.031347866
0.17614982
0.047021799
0
0.000764901
0.06225494
-99
0.041440325
0.204465475
0.062160488
0
7.26863e-05
0.080865807
-99
0.009715792
0.08337893
0.014573688
0
1.13227e-05
0.084620168
-99
0.056214979
0.314229925
0.084322469
0
0.001830976
0.067387312
-99
0.050478923
0.175568851
0.075718384
0
0.001360221
0.097589704
-99
0.040378201
0.112983609
0.060567301
0
0
0
0.010221303
0.041342915
-99
0.026889974
0.572417014
0.040334961
0
0.000113406
0.037295916
-99
0.055881108
0.444334444
0.083821662
0
5.96949e-05
0.037888165
-99
0.035847367
0.381404739
0.053771051
0
7.41422e-05
0.046852343
-99
0.03166822
0.481498834
0.047502331
0
0.000201599
0.039584416
-99
0.047722965
0.420547536
0.071584448
0
0.007017597
0.043556533
-99
0.031418481
0.332318026
0.047127721
0
0
0
0.000657675
0.065840879
-99
0.453560833
0.02605361
0.090712167
0
0.362848666
0
0.062866804
0.00395792
-99
0.438414012
0.021115059
0.087682802
0
0.35073121
0
0.094230975
0.007825941
-99
0.210469339
0.365932013
0.315704008
0
0
0.057848036
0.022731629
-99
0.43323724
0.04607743
0.086647448
0
0.346589792
0
0.073885171
0.01356292
-99
0
0.125463542311782
0.2943629788
0
0.0016824080890057
0.000834582651331184
-99
0
0.054006798
0.029017033
0
0.003270604
0.042027378
-99
0.03915741984
0.0402612545824005
0.03203788874
0
0.000405160015946435
0.165329129316973
-99
0
0.0231261662876493
0.0389602224
0
0.00583690553228215
0.0492961049855021
-99
0.0785052917
0.152267726544521
0.0642316026
0
7.30432704569057e-06
0.094021889691849
-99
0.0858567204
0.115573188638751
0.070246407
0
0.010098793020887
0.0812256224127892
-99
0.071530649
0.169328511
0.058525077
0
0.002704825
0.123113269
-99
0.039137885
0.131920013
0.032021906
0
0.003372211
0.080954125
-99
0.038645662
0.391657278451434
0.0316191777
0
2.14041435847464e-06
0.0753282469303842
-99
0.0728528306
0.185355880713469
0.0596068616
0
1.04177970060354e-05
0.0939681749092762
-99
0.0673962124
0.330836361039519
0.0551423554
0
3.45634968339199e-06
0.0941843513220999
-99
0.0729649624
0.370154965424514
0.0596986049
0
3.93241965391757e-06
0.0711433941849061
-99
0.0688661061
0.346282639852778
0.0563449964
0
2.74959207418808e-06
0.0868991192727364
-99
0.002605939
0.049964712
0.003908908
0
0.001011889
0.03230747
-99
0.000727122
0.093146126
0.001090683
0
0.000899954
0.017045517
-99
0.0036997
0.004998771
0
0.079831642
-99
0.13822359375
1.30262879931027e-05
0
0.0866519916438007
-99
0.02293625664
0.00184918520193446
0
0.0837060855595805
-99
0.002279481
0.001240741
0
0.05656823
-99
0.002501099
0.001021458
0
0.074287752
-99
0.003341893
0.000223667
0
0.128735619
-99
0.005431869
0.025538398
0.004444257
0
9.16651e-06
0.025810313
-99
0
0.034314293
0.028706053
0
0.005262673
0.015213722
-99
0
0.121688106
0.085270177
0
0.011359173
0.119924489
-99
0
0.011920194
0.013483784
0
0.000315523
0.028137574
-99
0
0.014608623
0.003199531
0
0.000178069
0.027750119
-99
0
0.028455436
0.003623771
0
0.000462914
0.031641117
-99
0
0.108867172853117
0.0008482375
0
0
0.000966892377213716
-99
0
0.0822072838196938
0.0454385118
0
0.00255824643255289
0.0537832789896894
-99
0
0.002908996
0.000123026
0
9.86694e-06
0.007101342
-99
0
0.001115076
0.078195409
0
0.032265113
0.003402932
-99
0
0.012925137
0.000163476
0
5.37749e-06
0.028094423
-99
0
0.003859533
0.019159164
0
0.004258511
0.005978764
-99
0
0.045802853
0.005462786
0
0.000398744
0.003703791
-99
0
0.00772623
0.005241832
0
0.001490051
0.006445984
-99
0
0.014249645
0.009050502
0
0.001935517
0.004804831
-99
0
0.00916072
0.004529238
0
0.000625496
0.010776407
-99
0
0.0074802
0.012185699
0
0.001997766
0.00653661
-99
0.004416019
0.006213542
0.006624029
0
0.017814699
0.024944766
-99
0
0.001905702
0.003990292
0
0.000828437
0.002744179
-99
0
0.007505782
0.001632505
0
0.000212265
0.009844337
-99
0
0.003559188
0
0
0
0.001586536
-99
0.01894697981
0.00346515340945154
0
0.107453578325426
-99
0.04367975128
1.26347439530746e-05
0
0.069555047760367
-99
0.012139541
0.000755554
0
0.089458467
-99
0.01922574445
0
0
0.0975731895201955
-99
0.000276214
0.013199744
0.000414321
0
0.000221597
0.006216166
-99
0.000264206
0.001466225
0.000396309
0
6.75025e-05
0.000543742
-99
0.0017831704
0.00378137885538784
0.0014589575
0
0.00014974372114263
0.0884017788071077
-99
0
0.041382458
0.035791122
0
0.005553588
0.028478891
-99
0.347194142
0.101187661
0.069438828
0
0.277755314
0
0.169200422
0.035223632
-99
0.013207303
0.166962678
0.019810954
0
0.001235249
0.141048282
-99
