0 -99 -99 -99 -99 0 25 -99 -99 -99 -99 -99 -99 -99 -99 -99 -99 -99 -99 -99 -99 -99 -99 -99 -99 -99 -99 -99 -99 -99 -99 -99 -99 -99 -99 -99 -99 -99 -99 -99 -99 -99 -99
1 4700 9.33e+08 3760 746400000 1423546112 23 879695333 830722667 794474000 763316667 737740000 736294667 831543333 898824000 921056000 919423333 930568000 910826667 18200 18200 18200 18200 18200 18200 18200 18200 18200 18200 18200 18200 193.856 193.856 193.856 193.856 193.856 193.856 193.856 193.856 193.856 193.856 193.856 193.856
1 30611 22399400000 24488.8 17919520000 22926161920 22 20606800000 19477733333 18319933333 17207466667 16245466667 15663933333 16323400000 19023266667 20939666667 21677066667 22015266667 21667333333 19398 19398 19398 19398 19398 19398 19398 19398 19398 19398 19398 19398 303.272 303.272 303.272 303.272 303.272 303.272 303.272 303.272 303.272 303.272 303.272 303.272
0 -99 -99 -99 -99 0 25 -99 -99 -99 -99 -99 -99 -99 -99 -99 -99 -99 -99 -99 -99 -99 -99 -99 -99 -99 -99 -99 -99 -99 -99 -99 -99 -99 -99 -99 -99 -99 -99 -99 -99 -99 -99
0 -99 -99 -99 -99 0 25 -99 -99 -99 -99 -99 -99 -99 -99 -99 -99 -99 -99 -99 -99 -99 -99 -99 -99 -99 -99 -99 -99 -99 -99 -99 -99 -99 -99 -99 -99 -99 -99 -99 -99 -99 -99
1 72.4 3611000 57.92 2888800 1866023936 25 1e+06 1e+06 1e+06 1e+06 1e+06 1e+06 1e+06 1e+06 1e+06 1e+06 1e+06 1e+06 32.3 32.3 32.3 32.3 32.3 32.3 32.3 32.3 32.3 32.3 32.3 32.3 25.4 25.4 25.4 25.4 25.4 25.4 25.4 25.4 25.4 25.4 25.4 25.4
0 -99 -99 -99 -99 0 25 -99 -99 -99 -99 -99 -99 -99 -99 -99 -99 -99 -99 -99 -99 -99 -99 -99 -99 -99 -99 -99 -99 -99 -99 -99 -99 -99 -99 -99 -99 -99 -99 -99 -99 -99 -99
1 4900 7.26e+08 3920 580800000 7332501504 25 1e+06 1e+06 1e+06 1e+06 1e+06 1e+06 1e+06 1e+06 1e+06 1e+06 1e+06 1e+06 3990 3990 3990 3990 3990 3990 3990 3990 3990 3990 3990 3990 3790 3790 3790 3790 3790 3790 3790 3790 3790 3790 3790 3790
1 2750 1.407e+09 2200 1125600000 1391109120 25 1148841270 1021460317 849920634.9 668190476.2 515333333.3 518730158.7 866904761.9 1225269841 1339063492 1354349206 1323777778 1250746032 10281 10281 10281 10281 10281 10281 10281 10281 10281 10281 10281 10281 76.5 76.5 76.5 76.5 76.5 76.5 76.5 76.5 76.5 76.5 76.5 76.5
0 -99 -99 -99 -99 0 25 -99 -99 -99 -99 -99 -99 -99 -99 -99 -99 -99 -99 -99 -99 -99 -99 -99 -99 -99 -99 -99 -99 -99 -99 -99 -99 -99 -99 -99 -99 -99 -99 -99 -99 -99 -99
1 6690 2.241e+09 5352 1792800000 2165681152 25 1.885e+09 1.76e+09 1.625e+09 1.4e+09 1.31e+09 1.5e+09 1.75e+09 2.05e+09 2.15e+09 2.19e+09 2.13e+09 2.06e+09 4839 4839 4839 4839 4839 4839 4839 4839 4839 4839 4839 4839 70.3 70.3 70.3 70.3 70.3 70.3 70.3 70.3 70.3 70.3 70.3 70.3
0 -99 -99 -99 -99 0 25 -99 -99 -99 -99 -99 -99 -99 -99 -99 -99 -99 -99 -99 -99 -99 -99 -99 -99 -99 -99 -99 -99 -99 -99 -99 -99 -99 -99 -99 -99 -99 -99 -99 -99 -99 -99
1 45000 3680200000 36000 2944160000 3275193856 25 2711950560 2382894400 1958026816 1474104800 873155008 591666720 1235860032 2443705600 3058574400 3247764800 3231548480 3027763392 8262 8262 8262 8262 8262 8262 8262 8262 8262 8262 8262 8262 97.2 97.2 97.2 97.2 97.2 97.2 97.2 97.2 97.2 97.2 97.2 97.2
1 41000 2.25e+09 32800 1.8e+09 0 20 1.54e+09 1.375e+09 1.3e+09 1.2e+09 1.13e+09 1.045e+09 9.5e+08 8.25e+08 8.25e+08 1.16e+09 1.65e+09 1.575e+09 3500 3500 3500 3500 3500 3500 3500 3500 3500 3500 3500 3500 923.6 923.6 923.6 923.6 923.6 923.6 923.6 923.6 923.6 923.6 923.6 923.6
0 -99 -99 -99 -99 0 25 -99 -99 -99 -99 -99 -99 -99 -99 -99 -99 -99 -99 -99 -99 -99 -99 -99 -99 -99 -99 -99 -99 -99 -99 -99 -99 -99 -99 -99 -99 -99 -99 -99 -99 -99 -99
0 -99 -99 -99 -99 0 25 -99 -99 -99 -99 -99 -99 -99 -99 -99 -99 -99 -99 -99 -99 -99 -99 -99 -99 -99 -99 -99 -99 -99 -99 -99 -99 -99 -99 -99 -99 -99 -99 -99 -99 -99 -99
0 -99 -99 -99 -99 0 25 -99 -99 -99 -99 -99 -99 -99 -99 -99 -99 -99 -99 -99 -99 -99 -99 -99 -99 -99 -99 -99 -99 -99 -99 -99 -99 -99 -99 -99 -99 -99 -99 -99 -99 -99 -99
1 14980 4.804e+09 11984 3843200000 990209536 25 4327150000 4172875000 3948475000 3541750000 3331375000 3.121e+09 3611875000 3738100000 4285075000 4551550000 4.804e+09 4579600000 6789 6789 6789 6789 6789 6789 6789 6789 6789 6789 6789 6789 157 157 157 157 157 157 157 157 157 157 157 157
1 5300 1.092e+09 4240 873600000 408522496 23 796819277.1 725975903.6 560674698.8 395373494 253686747 123807228.9 442602409.6 489831325.3 749590361.4 914891566.3 1080192771 914891566.3 1061 1061 1061 1061 1061 1061 1061 1061 1061 1061 1061 1061 18.7 18.7 18.7 18.7 18.7 18.7 18.7 18.7 18.7 18.7 18.7 18.7
1 3827 674100000 3061.6 539280000 273649344 21 590259090.9 506418181.8 422577272.7 338736363.6 254895454.5 147100000 230940909.1 314781818.2 398622727.3 482463636.4 566304545.5 674100000 298 298 298 298 298 298 298 298 298 298 298 298 3.8 3.8 3.8 3.8 3.8 3.8 3.8 3.8 3.8 3.8 3.8 3.8
1 6450 1.037e+09 5160 829600000 1109115776 25 958100000 838100000 708100000 558100000 383100000 338100000 308100000 388100000 808100000 1048100000 337100000 1028100000 13427 13427 13427 13427 13427 13427 13427 13427 13427 13427 13427 13427 29 29 29 29 29 29 29 29 29 29 29 29
0 -99 -99 -99 -99 0 25 -99 -99 -99 -99 -99 -99 -99 -99 -99 -99 -99 -99 -99 -99 -99 -99 -99 -99 -99 -99 -99 -99 -99 -99 -99 -99 -99 -99 -99 -99 -99 -99 -99 -99 -99 -99
0 -99 -99 -99 -99 0 25 -99 -99 -99 -99 -99 -99 -99 -99 -99 -99 -99 -99 -99 -99 -99 -99 -99 -99 -99 -99 -99 -99 -99 -99 -99 -99 -99 -99 -99 -99 -99 -99 -99 -99 -99 -99
0 -99 -99 -99 -99 0 25 -99 -99 -99 -99 -99 -99 -99 -99 -99 -99 -99 -99 -99 -99 -99 -99 -99 -99 -99 -99 -99 -99 -99 -99 -99 -99 -99 -99 -99 -99 -99 -99 -99 -99 -99 -99
1 1661 5.1e+08 1328.8 4.08e+08 0 22 480024000 468232666.7 455093333.3 445973333.3 450366666.7 473290000 508323333.3 509262000 509410666.7 509681333.3 506084000 494010000 18000 18000 18000 18000 18000 18000 18000 18000 18000 18000 18000 18000 91.292 91.292 91.292 91.292 91.292 91.292 91.292 91.292 91.292 91.292 91.292 91.292
1 3940 1.233e+09 3152 986400000 2464899840 23 1215206667 1198500000 1164693333 1156513333 1113560000 1125166667 1119993333 1188280000 1223986667 1216360000 1213060000 1230046667 18500 18500 18500 18500 18500 18500 18500 18500 18500 18500 18500 18500 324.312 324.312 324.312 324.312 324.312 324.312 324.312 324.312 324.312 324.312 324.312 324.312
0 -99 -99 -99 -99 0 25 -99 -99 -99 -99 -99 -99 -99 -99 -99 -99 -99 -99 -99 -99 -99 -99 -99 -99 -99 -99 -99 -99 -99 -99 -99 -99 -99 -99 -99 -99 -99 -99 -99 -99 -99 -99
0 -99 -99 -99 -99 0 25 -99 -99 -99 -99 -99 -99 -99 -99 -99 -99 -99 -99 -99 -99 -99 -99 -99 -99 -99 -99 -99 -99 -99 -99 -99 -99 -99 -99 -99 -99 -99 -99 -99 -99 -99 -99
1 2360 9.2e+08 1888 7.36e+08 1206649088 22 885796667 857258667 831345333 805296000 790084667 783317333 860831333 901966667 912584667 908330667 919519333 902562667 18500 18500 18500 18500 18500 18500 18500 18500 18500 18500 18500 18500 179.564 179.564 179.564 179.564 179.564 179.564 179.564 179.564 179.564 179.564 179.564 179.564
0 -99 -99 -99 -99 0 25 -99 -99 -99 -99 -99 -99 -99 -99 -99 -99 -99 -99 -99 -99 -99 -99 -99 -99 -99 -99 -99 -99 -99 -99 -99 -99 -99 -99 -99 -99 -99 -99 -99 -99 -99 -99
1 37000 7.004e+09 29600 5603200000 7189267456 25 6768235294 6650352941 6.503e+09 6455847059 6402800000 6361541176 6479423529 6656247059 6933270588 6974529412 6927376471 6874329412 4100 4100 4100 4100 4100 4100 4100 4100 4100 4100 4100 4100 164 164 164 164 164 164 164 164 164 164 164 164
1 33438 1792500000 26750.4 1.434e+09 0 22 1e+06 1e+06 1e+06 1e+06 1e+06 1e+06 1e+06 1e+06 1e+06 1e+06 1e+06 1e+06 1306 1306 1306 1306 1306 1306 1306 1306 1306 1306 1306 1306 1240 1240 1240 1240 1240 1240 1240 1240 1240 1240 1240 1240
1 12220 3.59e+09 9776 2.872e+09 3471844608 25 2921750000 2476250000 1.808e+09 1585250000 1065500000 657125000 1659500000 2476250000 3367250000 3552875000 3367250000 3144500000 9000 9000 9000 9000 9000 9000 9000 9000 9000 9000 9000 9000 77.4 77.4 77.4 77.4 77.4 77.4 77.4 77.4 77.4 77.4 77.4 77.4
1 17763 1.456e+10 14210.4 1.1648e+10 0 22 12258346667 11278346667 10376293333 9530640000 8965400000 8989653333 10316460000 12381666667 13448226667 13972933333 13986600000 13200686667 20709 20709 20709 20709 20709 20709 20709 20709 20709 20709 20709 20709 177.608 177.608 177.608 177.608 177.608 177.608 177.608 177.608 177.608 177.608 177.608 177.608
0 -99 -99 -99 -99 0 25 -99 -99 -99 -99 -99 -99 -99 -99 -99 -99 -99 -99 -99 -99 -99 -99 -99 -99 -99 -99 -99 -99 -99 -99 -99 -99 -99 -99 -99 -99 -99 -99 -99 -99 -99 -99
