         1         1         1                0.00                0.00
         1         1         2                0.00                0.00
         1         1         3                0.00                0.00
         1         1         4                0.00                0.00
         1         1         5                0.00                0.00
         1         1         6                0.00                0.00
         1         1         7                0.00                0.00
         1         1         8                0.00                0.00
         1         2         1                0.00                0.00
         1         2         2                0.00                0.00
         1         2         3                0.00                0.00
         1         2         4                0.00                0.00
         1         2         5                0.00                0.00
         1         2         6                0.00                0.00
         1         2         7                0.00                0.00
         1         2         8                0.00                0.00
         1         3         1                0.00                0.00
         1         3         2                0.00                0.00
         1         3         3                0.00                0.00
         1         3         4                0.00                0.00
         1         3         5                0.00                0.00
         1         3         6                0.00                0.00
         1         3         7                0.00                0.00
         1         3         8                0.00                0.00
         1         4         1                0.00                0.00
         1         4         2                0.00                0.00
         1         4         3                0.00                0.00
         1         4         4                0.00                0.00
         1         4         5                0.00                0.00
         1         4         6                0.00                0.00
         1         4         7                0.00                0.00
         1         4         8                0.00                0.00
         1         5         1                0.01                0.00
         1         5         2                0.00                0.00
         1         5         3                0.00                0.00
         1         5         4                0.00                0.00
         1         5         5                0.00                0.00
         1         5         6                0.00                0.00
         1         5         7                0.00                0.00
         1         5         8                0.00                0.00
         1         6         1                8.57                0.00
         1         6         2                0.00                0.00
         1         6         3                0.41                0.00
         1         6         4                0.00                0.00
         1         6         5                0.00                0.00
         1         6         6                0.00                0.00
         1         6         7                0.00                0.00
         1         6         8                0.00                0.00
         1         7         1               10.21                0.00
         1         7         2                0.00                0.00
         1         7         3                7.84            62120.15
         1         7         4                0.00                0.00
         1         7         5                0.00                0.00
         1         7         6                0.00                0.00
         1         7         7                0.00                0.00
         1         7         8                0.00                0.00
         1         8         1                8.43        115635872.00
         1         8         2                0.00                0.00
         1         8         3                7.03                0.00
         1         8         4                0.00                0.00
         1         8         5                0.00                0.00
         1         8         6                0.00                0.00
         1         8         7                0.00                0.00
         1         8         8                0.00                0.00
         1         9         1                7.99        209222800.00
         1         9         2                0.00                0.00
         1         9         3                7.09         30347892.00
         1         9         4                0.00                0.00
         1         9         5                0.00                0.00
         1         9         6                0.00                0.00
         1         9         7                0.00                0.00
         1         9         8                0.00                0.00
         1        10         1                7.80           187391.83
         1        10         2                0.00                0.00
         1        10         3                7.21                0.00
         1        10         4                0.00                0.00
         1        10         5                0.00                0.00
         1        10         6                0.00                0.00
         1        10         7                0.00                0.00
         1        10         8                0.00                0.00
         1        11         1                5.31         48101128.00
         1        11         2                0.00                0.00
         1        11         3                5.52         17817438.00
         1        11         4                0.00                0.00
         1        11         5                0.00                0.00
         1        11         6                0.00                0.00
         1        11         7                0.00                0.00
         1        11         8                0.00                0.00
         1        12         1                1.53                0.00
         1        12         2                0.00                0.00
         1        12         3                1.62         11529620.00
         1        12         4                0.00                0.00
         1        12         5                0.00                0.00
         1        12         6                0.00                0.00
         1        12         7                0.00                0.00
         1        12         8                0.00                0.00
         1        13         1                8.16          7612186.00
         1        13         2                0.00                0.00
         1        13         3                6.24                0.00
         1        13         4                0.00                0.00
         1        13         5                0.00                0.00
         1        13         6                0.00                0.00
         1        13         7                0.00                0.00
         1        13         8                0.00                0.00
         1        14         1                4.77           656783.38
         1        14         2                0.00                0.00
         1        14         3                2.71          2389746.00
         1        14         4                0.00                0.00
         1        14         5                0.00                0.00
         1        14         6                0.00                0.00
         1        14         7                0.00                0.00
         1        14         8                0.00                0.00
         1        15         1                5.38                0.00
         1        15         2                0.00                0.00
         1        15         3                3.69                0.00
         1        15         4                0.00                0.00
         1        15         5                0.00                0.00
         1        15         6                0.00                0.00
         1        15         7                0.00                0.00
         1        15         8                0.00                0.00
         1        16         1                4.49                0.00
         1        16         2                0.00                0.00
         1        16         3                4.86                0.00
         1        16         4                0.00                0.00
         1        16         5                0.00                0.00
         1        16         6                0.00                0.00
         1        16         7                0.00                0.00
         1        16         8                0.00                0.00
         1        17         1                7.52          6639110.50
         1        17         2                0.00                0.00
         1        17         3                5.94                0.00
         1        17         4                0.00                0.00
         1        17         5                0.00                0.00
         1        17         6                0.00                0.00
         1        17         7                0.00                0.00
         1        17         8                0.00                0.00
         1        18         1                6.55                0.00
         1        18         2                0.00                0.00
         1        18         3                5.02                0.00
         1        18         4                0.00                0.00
         1        18         5                0.00                0.00
         1        18         6                0.00                0.00
         1        18         7                0.00                0.00
         1        18         8                0.00                0.00
         1        19         1                4.59         17079032.00
         1        19         2                0.00                0.00
         1        19         3                2.62         42305992.00
         1        19         4                0.00                0.00
         1        19         5                0.00                0.00
         1        19         6                0.00                0.00
         1        19         7                0.00                0.00
         1        19         8                0.00                0.00
         1        20         1                6.61          3488889.75
         1        20         2                0.00                0.00
         1        20         3                5.77                0.00
         1        20         4                0.00                0.00
         1        20         5                0.00                0.00
         1        20         6                0.00                0.00
         1        20         7                0.00                0.00
         1        20         8                0.00                0.00
         1        21         1                5.40                0.00
         1        21         2                0.00                0.00
         1        21         3                4.81                0.00
         1        21         4                0.00                0.00
         1        21         5                0.00                0.00
         1        21         6                0.00                0.00
         1        21         7                0.00                0.00
         1        21         8                0.00                0.00
         1        22         1                1.61                0.00
         1        22         2                0.00                0.00
         1        22         3                1.40                0.00
         1        22         4                0.00                0.00
         1        22         5                0.00                0.00
         1        22         6                0.00                0.00
         1        22         7                0.00                0.00
         1        22         8                0.00                0.00
         1        23         1                6.98                0.00
         1        23         2                0.00                0.00
         1        23         3                5.42                0.00
         1        23         4                0.00                0.00
         1        23         5                0.00                0.00
         1        23         6                0.00                0.00
         1        23         7                0.00                0.00
         1        23         8                0.00                0.00
         1        24         1                5.06                0.00
         1        24         2                0.00                0.00
         1        24         3                1.56                0.00
         1        24         4                0.00                0.00
         1        24         5                0.00                0.00
         1        24         6                0.00                0.00
         1        24         7                0.00                0.00
         1        24         8                0.00                0.00
         1        25         1                1.70                0.00
         1        25         2                0.00                0.00
         1        25         3                1.60                0.00
         1        25         4                0.00                0.00
         1        25         5                0.00                0.00
         1        25         6                0.00                0.00
         1        25         7                0.00                0.00
         1        25         8                0.00                0.00
         1        26         1                5.43                0.00
         1        26         2                0.00                0.00
         1        26         3                3.98                0.00
         1        26         4                0.00                0.00
         1        26         5                0.00                0.00
         1        26         6                0.00                0.00
         1        26         7                0.00                0.00
         1        26         8                0.00                0.00
         1        27         1                5.67                0.00
         1        27         2                0.00                0.00
         1        27         3                4.34         72534056.00
         1        27         4                0.00                0.00
         1        27         5                0.00                0.00
         1        27         6                0.00                0.00
         1        27         7                0.00                0.00
         1        27         8                0.00                0.00
         1        28         1                5.16                0.00
         1        28         2                0.00                0.00
         1        28         3                3.94                0.00
         1        28         4                0.00                0.00
         1        28         5                0.00                0.00
         1        28         6                0.00                0.00
         1        28         7                0.00                0.00
         1        28         8                0.00                0.00
         1        29         1                1.52               79.70
         1        29         2                0.00                0.00
         1        29         3                1.57               79.70
         1        29         4                0.00                0.00
         1        29         5                0.00                0.00
         1        29         6                0.00                0.00
         1        29         7                0.00                0.00
         1        29         8                0.00                0.00
         1        30         1                1.72              130.89
         1        30         2                0.00                0.00
         1        30         3                1.76              130.89
         1        30         4                0.00                0.00
         1        30         5                0.00                0.00
         1        30         6                0.00                0.00
         1        30         7                0.00                0.00
         1        30         8                0.00                0.00
         1        31         1                5.92                0.00
         1        31         2                0.00                0.00
         1        31         3                4.97                0.00
         1        31         4                0.00                0.00
         1        31         5                0.00                0.00
         1        31         6                0.00                0.00
         1        31         7                0.00                0.00
         1        31         8                0.00                0.00
         1        32         1                6.08         13460330.00
         1        32         2                0.00                0.00
         1        32         3                4.70          4280928.00
         1        32         4                0.00                0.00
         1        32         5                0.00                0.00
         1        32         6                0.00                0.00
         1        32         7                0.00                0.00
         1        32         8                0.00                0.00
         1        33         1                6.00           768171.44
         1        33         2                0.00                0.00
         1        33         3                4.55          1385945.00
         1        33         4                0.00                0.00
         1        33         5                0.00                0.00
         1        33         6                0.00                0.00
         1        33         7                0.00                0.00
         1        33         8                0.00                0.00
         1        34         1                1.72                0.00
         1        34         2                0.00                0.00
         1        34         3                1.06               77.32
         1        34         4                0.00                0.00
         1        34         5                0.00                0.00
         1        34         6                0.00                0.00
         1        34         7                0.00                0.00
         1        34         8                0.00                0.00
         1        35         1                1.31                0.00
         1        35         2                0.00                0.00
         1        35         3                1.35                0.00
         1        35         4                0.00                0.00
         1        35         5                0.00                0.00
         1        35         6                0.00                0.00
         1        35         7                0.00                0.00
         1        35         8                0.00                0.00
         1        36         1                1.40                0.00
         1        36         2                0.00                0.00
         1        36         3                1.28                0.00
         1        36         4                0.00                0.00
         1        36         5                0.00                0.00
         1        36         6                0.00                0.00
         1        36         7                0.00                0.00
         1        36         8                0.00                0.00
         1        37         1                1.32                0.00
         1        37         2                0.00                0.00
         1        37         3                1.22          8308191.50
         1        37         4                0.00                0.00
         1        37         5                0.00                0.00
         1        37         6                0.00                0.00
         1        37         7                0.00                0.00
         1        37         8                0.00                0.00
         1        38         1                0.33                0.00
         1        38         2                0.00                0.00
         1        38         3                3.01                0.00
         1        38         4                0.00                0.00
         1        38         5                0.00                0.00
         1        38         6                0.00                0.00
         1        38         7                0.00                0.00
         1        38         8                0.00                0.00
         1        39         1                1.72                0.00
         1        39         2                0.00                0.00
         1        39         3                0.92                0.00
         1        39         4                0.00                0.00
         1        39         5                0.00                0.00
         1        39         6                0.00                0.00
         1        39         7                0.00                0.00
         1        39         8                0.00                0.00
         1        40         1                1.40                0.00
         1        40         2                0.00                0.00
         1        40         3                0.78                0.00
         1        40         4                0.00                0.00
         1        40         5                0.00                0.00
         1        40         6                0.00                0.00
         1        40         7                0.00                0.00
         1        40         8                0.00                0.00
         1        41         1                5.43                0.00
         1        41         2                0.00                0.00
         1        41         3                3.37                0.00
         1        41         4                0.00                0.00
         1        41         5                0.00                0.00
         1        41         6                0.00                0.00
         1        41         7                0.00                0.00
         1        41         8                0.00                0.00
         1        42         1                3.07                0.00
         1        42         2                0.00                0.00
         1        42         3                1.46                0.00
         1        42         4                0.00                0.00
         1        42         5                0.00                0.00
         1        42         6                0.00                0.00
         1        42         7                0.00                0.00
         1        42         8                0.00                0.00
         1        43         1                5.30                0.00
         1        43         2                0.00                0.00
         1        43         3                4.20                0.00
         1        43         4                0.00                0.00
         1        43         5                0.00                0.00
         1        43         6                0.00                0.00
         1        43         7                0.00                0.00
         1        43         8                0.00                0.00
         1        44         1                5.90                0.00
         1        44         2                0.00                0.00
         1        44         3                3.64                0.00
         1        44         4                0.00                0.00
         1        44         5                0.00                0.00
         1        44         6                0.00                0.00
         1        44         7                0.00                0.00
         1        44         8                0.00                0.00
         1        45         1                5.43            46125.55
         1        45         2                0.00                0.00
         1        45         3                3.86          2929788.50
         1        45         4                0.00                0.00
         1        45         5                0.00                0.00
         1        45         6                0.00                0.00
         1        45         7                0.00                0.00
         1        45         8                0.00                0.00
         1        46         1                0.22                0.00
         1        46         2                0.00                0.00
         1        46         3                0.43                0.00
         1        46         4                0.00                0.00
         1        46         5                0.00                0.00
         1        46         6                0.00                0.00
         1        46         7                0.00                0.00
         1        46         8                0.00                0.00
         1        47         1                0.23                0.00
         1        47         2                0.00                0.00
         1        47         3                0.51                0.00
         1        47         4                0.00                0.00
         1        47         5                0.00                0.00
         1        47         6                0.00                0.00
         1        47         7                0.00                0.00
         1        47         8                0.00                0.00
