         1         1         1                0.00                0.00
         1         1         2                0.00                0.00
         1         1         3                0.00                0.00
         1         1         4                0.00                0.00
         1         1         5                0.00                0.00
         1         1         6                0.00                0.00
         1         1         7                0.00                0.00
         1         1         8                0.00                0.00
         1         2         1                0.00                0.00
         1         2         2                0.00                0.00
         1         2         3                0.00                0.00
         1         2         4                0.00                0.00
         1         2         5                0.00                0.00
         1         2         6                0.00                0.00
         1         2         7                0.00                0.00
         1         2         8                0.00                0.00
         1         3         1                0.00                0.00
         1         3         2                0.00                0.00
         1         3         3                0.00                0.00
         1         3         4                0.00                0.00
         1         3         5                0.00                0.00
         1         3         6                0.00                0.00
         1         3         7                0.00                0.00
         1         3         8                0.00                0.00
         1         4         1                0.00                0.00
         1         4         2                0.00                0.00
         1         4         3                0.00                0.00
         1         4         4                0.00                0.00
         1         4         5                0.00                0.00
         1         4         6                0.00                0.00
         1         4         7                0.00                0.00
         1         4         8                0.00                0.00
         1         5         1                0.01                0.00
         1         5         2                0.00                0.00
         1         5         3                0.00                0.00
         1         5         4                0.00                0.00
         1         5         5                0.00                0.00
         1         5         6                0.00                0.00
         1         5         7                0.00                0.00
         1         5         8                0.00                0.00
         1         6         1                8.57                0.00
         1         6         2                0.00                0.00
         1         6         3                0.41                0.00
         1         6         4                0.00                0.00
         1         6         5                0.00                0.00
         1         6         6                0.00                0.00
         1         6         7                0.00                0.00
         1         6         8                0.00                0.00
         1         7         1               10.21                0.00
         1         7         2                0.00                0.00
         1         7         3                7.84            62120.15
         1         7         4                0.00                0.00
         1         7         5                0.00                0.00
         1         7         6                0.00                0.00
         1         7         7                0.00                0.00
         1         7         8                0.00                0.00
         1         8         1                8.43        115635872.00
         1         8         2                0.00                0.00
         1         8         3                7.03                0.00
         1         8         4                0.00                0.00
         1         8         5                0.00                0.00
         1         8         6                0.00                0.00
         1         8         7                0.00                0.00
         1         8         8                0.00                0.00
         1         9         1                7.99        209222800.00
         1         9         2                0.00                0.00
         1         9         3                7.09         30347892.00
         1         9         4                0.00                0.00
         1         9         5                0.00                0.00
         1         9         6                0.00                0.00
         1         9         7                0.00                0.00
         1         9         8                0.00                0.00
         1        10         1                7.80           187391.83
         1        10         2                0.00                0.00
         1        10         3                7.21                0.00
         1        10         4                0.00                0.00
         1        10         5                0.00                0.00
         1        10         6                0.00                0.00
         1        10         7                0.00                0.00
         1        10         8                0.00                0.00
         1        11         1                5.31         48101128.00
         1        11         2                0.00                0.00
         1        11         3                5.52         17817438.00
         1        11         4                0.00                0.00
         1        11         5                0.00                0.00
         1        11         6                0.00                0.00
         1        11         7                0.00                0.00
         1        11         8                0.00                0.00
         1        12         1                1.53                0.00
         1        12         2                0.00                0.00
         1        12         3                1.62         11529620.00
         1        12         4                0.00                0.00
         1        12         5                0.00                0.00
         1        12         6                0.00                0.00
         1        12         7                0.00                0.00
         1        12         8                0.00                0.00
         1        13         1                8.16          7612186.00
         1        13         2                0.00                0.00
         1        13         3                6.24                0.00
         1        13         4                0.00                0.00
         1        13         5                0.00                0.00
         1        13         6                0.00                0.00
         1        13         7                0.00                0.00
         1        13         8                0.00                0.00
         1        14         1                4.77           656783.38
         1        14         2                0.00                0.00
         1        14         3                2.71          2389746.00
         1        14         4                0.00                0.00
         1        14         5                0.00                0.00
         1        14         6                0.00                0.00
         1        14         7                0.00                0.00
         1        14         8                0.00                0.00
         1        15         1                5.38                0.00
         1        15         2                0.00                0.00
         1        15         3                3.69                0.00
         1        15         4                0.00                0.00
         1        15         5                0.00                0.00
         1        15         6                0.00                0.00
         1        15         7                0.00                0.00
         1        15         8                0.00                0.00
         1        16         1                4.49                0.00
         1        16         2                0.00                0.00
         1        16         3                4.86                0.00
         1        16         4                0.00                0.00
         1        16         5                0.00                0.00
         1        16         6                0.00                0.00
         1        16         7                0.00                0.00
         1        16         8                0.00                0.00
         1        17         1                7.52          6639110.50
         1        17         2                0.00                0.00
         1        17         3                5.94                0.00
         1        17         4                0.00                0.00
         1        17         5                0.00                0.00
         1        17         6                0.00                0.00
         1        17         7                0.00                0.00
         1        17         8                0.00                0.00
         1        18         1                6.55                0.00
         1        18         2                0.00                0.00
         1        18         3                5.02                0.00
         1        18         4                0.00                0.00
         1        18         5                0.00                0.00
         1        18         6                0.00                0.00
         1        18         7                0.00                0.00
         1        18         8                0.00                0.00
         1        19         1                4.59         17079032.00
         1        19         2                0.00                0.00
         1        19         3                2.62         42305992.00
         1        19         4                0.00                0.00
         1        19         5                0.00                0.00
         1        19         6                0.00                0.00
         1        19         7                0.00                0.00
         1        19         8                0.00                0.00
         1        20         1                6.61          3488889.75
         1        20         2                0.00                0.00
         1        20         3                5.77                0.00
         1        20         4                0.00                0.00
         1        20         5                0.00                0.00
         1        20         6                0.00                0.00
         1        20         7                0.00                0.00
         1        20         8                0.00                0.00
         1        21         1                5.40                0.00
         1        21         2                0.00                0.00
         1        21         3                4.81                0.00
         1        21         4                0.00                0.00
         1        21         5                0.00                0.00
         1        21         6                0.00                0.00
         1        21         7                0.00                0.00
         1        21         8                0.00                0.00
         1        22         1                1.61                0.00
         1        22         2                0.00                0.00
         1        22         3                1.40                0.00
         1        22         4                0.00                0.00
         1        22         5                0.00                0.00
         1        22         6                0.00                0.00
         1        22         7                0.00                0.00
         1        22         8                0.00                0.00
         1        23         1                6.98                0.00
         1        23         2                0.00                0.00
         1        23         3                5.42                0.00
         1        23         4                0.00                0.00
         1        23         5                0.00                0.00
         1        23         6                0.00                0.00
         1        23         7                0.00                0.00
         1        23         8                0.00                0.00
         1        24         1                5.06                0.00
         1        24         2                0.00                0.00
         1        24         3                1.56                0.00
         1        24         4                0.00                0.00
         1        24         5                0.00                0.00
         1        24         6                0.00                0.00
         1        24         7                0.00                0.00
         1        24         8                0.00                0.00
         1        25         1                1.70                0.00
         1        25         2                0.00                0.00
         1        25         3                1.60                0.00
         1        25         4                0.00                0.00
         1        25         5                0.00                0.00
         1        25         6                0.00                0.00
         1        25         7                0.00                0.00
         1        25         8                0.00                0.00
         1        26         1                5.43                0.00
         1        26         2                0.00                0.00
         1        26         3                3.98                0.00
         1        26         4                0.00                0.00
         1        26         5                0.00                0.00
         1        26         6                0.00                0.00
         1        26         7                0.00                0.00
         1        26         8                0.00                0.00
         1        27         1                5.67                0.00
         1        27         2                0.00                0.00
         1        27         3                4.34         72534056.00
         1        27         4                0.00                0.00
         1        27         5                0.00                0.00
         1        27         6                0.00                0.00
         1        27         7                0.00                0.00
         1        27         8                0.00                0.00
         1        28         1                5.16                0.00
         1        28         2                0.00                0.00
         1        28         3                3.94                0.00
         1        28         4                0.00                0.00
         1        28         5                0.00                0.00
         1        28         6                0.00                0.00
         1        28         7                0.00                0.00
         1        28         8                0.00                0.00
         1        29         1                1.52               79.70
         1        29         2                0.00                0.00
         1        29         3                1.57               79.70
         1        29         4                0.00                0.00
         1        29         5                0.00                0.00
         1        29         6                0.00                0.00
         1        29         7                0.00                0.00
         1        29         8                0.00                0.00
         1        30         1                1.72              130.89
         1        30         2                0.00                0.00
         1        30         3                1.76              130.89
         1        30         4                0.00                0.00
         1        30         5                0.00                0.00
         1        30         6                0.00                0.00
         1        30         7                0.00                0.00
         1        30         8                0.00                0.00
         1        31         1                5.92                0.00
         1        31         2                0.00                0.00
         1        31         3                4.97                0.00
         1        31         4                0.00                0.00
         1        31         5                0.00                0.00
         1        31         6                0.00                0.00
         1        31         7                0.00                0.00
         1        31         8                0.00                0.00
         1        32         1                6.08         13460330.00
         1        32         2                0.00                0.00
         1        32         3                4.70          4280928.00
         1        32         4                0.00                0.00
         1        32         5                0.00                0.00
         1        32         6                0.00                0.00
         1        32         7                0.00                0.00
         1        32         8                0.00                0.00
         1        33         1                6.00           768171.44
         1        33         2                0.00                0.00
         1        33         3                4.55          1385945.00
         1        33         4                0.00                0.00
         1        33         5                0.00                0.00
         1        33         6                0.00                0.00
         1        33         7                0.00                0.00
         1        33         8                0.00                0.00
         1        34         1                1.72                0.00
         1        34         2                0.00                0.00
         1        34         3                1.06               77.32
         1        34         4                0.00                0.00
         1        34         5                0.00                0.00
         1        34         6                0.00                0.00
         1        34         7                0.00                0.00
         1        34         8                0.00                0.00
         1        35         1                1.31                0.00
         1        35         2                0.00                0.00
         1        35         3                1.35                0.00
         1        35         4                0.00                0.00
         1        35         5                0.00                0.00
         1        35         6                0.00                0.00
         1        35         7                0.00                0.00
         1        35         8                0.00                0.00
         1        36         1                1.40                0.00
         1        36         2                0.00                0.00
         1        36         3                1.28                0.00
         1        36         4                0.00                0.00
         1        36         5                0.00                0.00
         1        36         6                0.00                0.00
         1        36         7                0.00                0.00
         1        36         8                0.00                0.00
         1        37         1                1.32                0.00
         1        37         2                0.00                0.00
         1        37         3                1.22          8308191.50
         1        37         4                0.00                0.00
         1        37         5                0.00                0.00
         1        37         6                0.00                0.00
         1        37         7                0.00                0.00
         1        37         8                0.00                0.00
         1        38         1                0.33                0.00
         1        38         2                0.00                0.00
         1        38         3                3.01                0.00
         1        38         4                0.00                0.00
         1        38         5                0.00                0.00
         1        38         6                0.00                0.00
         1        38         7                0.00                0.00
         1        38         8                0.00                0.00
         1        39         1                1.72                0.00
         1        39         2                0.00                0.00
         1        39         3                0.92                0.00
         1        39         4                0.00                0.00
         1        39         5                0.00                0.00
         1        39         6                0.00                0.00
         1        39         7                0.00                0.00
         1        39         8                0.00                0.00
         1        40         1                1.40                0.00
         1        40         2                0.00                0.00
         1        40         3                0.78                0.00
         1        40         4                0.00                0.00
         1        40         5                0.00                0.00
         1        40         6                0.00                0.00
         1        40         7                0.00                0.00
         1        40         8                0.00                0.00
         1        41         1                5.43                0.00
         1        41         2                0.00                0.00
         1        41         3                3.37                0.00
         1        41         4                0.00                0.00
         1        41         5                0.00                0.00
         1        41         6                0.00                0.00
         1        41         7                0.00                0.00
         1        41         8                0.00                0.00
         1        42         1                3.07                0.00
         1        42         2                0.00                0.00
         1        42         3                1.46                0.00
         1        42         4                0.00                0.00
         1        42         5                0.00                0.00
         1        42         6                0.00                0.00
         1        42         7                0.00                0.00
         1        42         8                0.00                0.00
         1        43         1                5.30                0.00
         1        43         2                0.00                0.00
         1        43         3                4.20                0.00
         1        43         4                0.00                0.00
         1        43         5                0.00                0.00
         1        43         6                0.00                0.00
         1        43         7                0.00                0.00
         1        43         8                0.00                0.00
         1        44         1                5.90                0.00
         1        44         2                0.00                0.00
         1        44         3                3.64                0.00
         1        44         4                0.00                0.00
         1        44         5                0.00                0.00
         1        44         6                0.00                0.00
         1        44         7                0.00                0.00
         1        44         8                0.00                0.00
         1        45         1                5.43            46125.55
         1        45         2                0.00                0.00
         1        45         3                3.86          2929788.50
         1        45         4                0.00                0.00
         1        45         5                0.00                0.00
         1        45         6                0.00                0.00
         1        45         7                0.00                0.00
         1        45         8                0.00                0.00
         1        46         1                0.22                0.00
         1        46         2                0.00                0.00
         1        46         3                0.43                0.00
         1        46         4                0.00                0.00
         1        46         5                0.00                0.00
         1        46         6                0.00                0.00
         1        46         7                0.00                0.00
         1        46         8                0.00                0.00
         1        47         1                0.23                0.00
         1        47         2                0.00                0.00
         1        47         3                0.51                0.00
         1        47         4                0.00                0.00
         1        47         5                0.00                0.00
         1        47         6                0.00                0.00
         1        47         7                0.00                0.00
         1        47         8                0.00                0.00
         2         1         1                0.00                0.00
         2         1         2                0.00                0.00
         2         1         3                0.00                0.00
         2         1         4                0.00                0.00
         2         1         5                0.00                0.00
         2         1         6                0.00                0.00
         2         1         7                0.00                0.00
         2         1         8                0.00                0.00
         2         2         1                0.00                0.00
         2         2         2                0.00                0.00
         2         2         3                0.00                0.00
         2         2         4                0.00                0.00
         2         2         5                0.00                0.00
         2         2         6                0.00                0.00
         2         2         7                0.00                0.00
         2         2         8                0.00                0.00
         2         3         1                0.00                0.00
         2         3         2                0.00                0.00
         2         3         3                0.00                0.00
         2         3         4                0.00                0.00
         2         3         5                0.00                0.00
         2         3         6                0.00                0.00
         2         3         7                0.00                0.00
         2         3         8                0.00                0.00
         2         4         1                0.00                0.00
         2         4         2                0.00                0.00
         2         4         3                0.00                0.00
         2         4         4                0.00                0.00
         2         4         5                0.00                0.00
         2         4         6                0.00                0.00
         2         4         7                0.00                0.00
         2         4         8                0.00                0.00
         2         5         1                0.02                0.00
         2         5         2                0.00                0.00
         2         5         3                0.00                0.00
         2         5         4                0.00                0.00
         2         5         5                0.00                0.00
         2         5         6                0.00                0.00
         2         5         7                0.00                0.00
         2         5         8                0.00                0.00
         2         6         1                8.75                0.00
         2         6         2                0.00                0.00
         2         6         3                0.66                0.00
         2         6         4                0.00                0.00
         2         6         5                0.00                0.00
         2         6         6                0.00                0.00
         2         6         7                0.00                0.00
         2         6         8                0.00                0.00
         2         7         1                8.49    2789874335744.00
         2         7         2                0.00                0.00
         2         7         3                7.71           124240.30
         2         7         4                0.00                0.00
         2         7         5                0.00                0.00
         2         7         6                0.00                0.00
         2         7         7                0.00                0.00
         2         7         8                0.00                0.00
         2         8         1                7.77     158833000448.00
         2         8         2                0.00                0.00
         2         8         3                6.77             9357.19
         2         8         4                0.00                0.00
         2         8         5                0.00                0.00
         2         8         6                0.00                0.00
         2         8         7                0.00                0.00
         2         8         8                0.00                0.00
         2         9         1                7.44    2685247160320.00
         2         9         2                0.00                0.00
         2         9         3                6.81      39591165952.00
         2         9         4                0.00                0.00
         2         9         5                0.00                0.00
         2         9         6                0.00                0.00
         2         9         7                0.00                0.00
         2         9         8                0.00                0.00
         2        10         1                8.49         88984360.00
         2        10         2                0.00                0.00
         2        10         3                7.28        105356856.00
         2        10         4                0.00                0.00
         2        10         5                0.00                0.00
         2        10         6                0.00                0.00
         2        10         7                0.00                0.00
         2        10         8                0.00                0.00
         2        11         1                7.59     602766573568.00
         2        11         2                0.00                0.00
         2        11         3                5.97     214033006592.00
         2        11         4                0.00                0.00
         2        11         5                0.00                0.00
         2        11         6                0.00                0.00
         2        11         7                0.00                0.00
         2        11         8                0.00                0.00
         2        12         1                6.47    1957986566144.00
         2        12         2                0.00                0.00
         2        12         3                4.49     508919873536.00
         2        12         4                0.00                0.00
         2        12         5                0.00                0.00
         2        12         6                0.00                0.00
         2        12         7                0.00                0.00
         2        12         8                0.00                0.00
         2        13         1                8.07     107155742720.00
         2        13         2                0.00                0.00
         2        13         3                6.24       8755863552.00
         2        13         4                0.00                0.00
         2        13         5                0.00                0.00
         2        13         6                0.00                0.00
         2        13         7                0.00                0.00
         2        13         8                0.00                0.00
         2        14         1                6.98     146097242112.00
         2        14         2                0.00                0.00
         2        14         3                5.65      12144598016.00
         2        14         4                0.00                0.00
         2        14         5                0.00                0.00
         2        14         6                0.00                0.00
         2        14         7                0.00                0.00
         2        14         8                0.00                0.00
         2        15         1                6.68              128.93
         2        15         2                0.00                0.00
         2        15         3                5.33              257.86
         2        15         4                0.00                0.00
         2        15         5                0.00                0.00
         2        15         6                0.00                0.00
         2        15         7                0.00                0.00
         2        15         8                0.00                0.00
         2        16         1                7.19    1627710291968.00
         2        16         2                0.00                0.00
         2        16         3                5.72     369332420608.00
         2        16         4                0.00                0.00
         2        16         5                0.00                0.00
         2        16         6                0.00                0.00
         2        16         7                0.00                0.00
         2        16         8                0.00                0.00
         2        17         1                7.10     229134565376.00
         2        17         2                0.00                0.00
         2        17         3                5.91      17478699008.00
         2        17         4                0.00                0.00
         2        17         5                0.00                0.00
         2        17         6                0.00                0.00
         2        17         7                0.00                0.00
         2        17         8                0.00                0.00
         2        18         1                6.67      13537193984.00
         2        18         2                0.00                0.00
         2        18         3                5.04       2162993152.00
         2        18         4                0.00                0.00
         2        18         5                0.00                0.00
         2        18         6                0.00                0.00
         2        18         7                0.00                0.00
         2        18         8                0.00                0.00
         2        19         1                5.16     647192510464.00
         2        19         2                0.00                0.00
         2        19         3                3.67     443838496768.00
         2        19         4                0.00                0.00
         2        19         5                0.00                0.00
         2        19         6                0.00                0.00
         2        19         7                0.00                0.00
         2        19         8                0.00                0.00
         2        20         1                8.91        445084032.00
         2        20         2                0.00                0.00
         2        20         3                7.19        476330368.00
         2        20         4                0.00                0.00
         2        20         5                0.00                0.00
         2        20         6                0.00                0.00
         2        20         7                0.00                0.00
         2        20         8                0.00                0.00
         2        21         1                7.71     679161233408.00
         2        21         2                0.00                0.00
         2        21         3                6.45     146758123520.00
         2        21         4                0.00                0.00
         2        21         5                0.00                0.00
         2        21         6                0.00                0.00
         2        21         7                0.00                0.00
         2        21         8                0.00                0.00
         2        22         1                6.87    5981167157248.00
         2        22         2                0.00                0.00
         2        22         3                5.32     498095685632.00
         2        22         4                0.00                0.00
         2        22         5                0.00                0.00
         2        22         6                0.00                0.00
         2        22         7                0.00                0.00
         2        22         8                0.00                0.00
         2        23         1                6.68                0.00
         2        23         2                0.00                0.00
         2        23         3                5.39        471934976.00
         2        23         4                0.00                0.00
         2        23         5                0.00                0.00
         2        23         6                0.00                0.00
         2        23         7                0.00                0.00
         2        23         8                0.00                0.00
         2        24         1                6.12      76935462912.00
         2        24         2                0.00                0.00
         2        24         3                4.45      19900794880.00
         2        24         4                0.00                0.00
         2        24         5                0.00                0.00
         2        24         6                0.00                0.00
         2        24         7                0.00                0.00
         2        24         8                0.00                0.00
         2        25         1                6.09             1730.12
         2        25         2                0.00                0.00
         2        25         3                4.63             1730.12
         2        25         4                0.00                0.00
         2        25         5                0.00                0.00
         2        25         6                0.00                0.00
         2        25         7                0.00                0.00
         2        25         8                0.00                0.00
         2        26         1                5.55                0.00
         2        26         2                0.00                0.00
         2        26         3                3.72       1291622144.00
         2        26         4                0.00                0.00
         2        26         5                0.00                0.00
         2        26         6                0.00                0.00
         2        26         7                0.00                0.00
         2        26         8                0.00                0.00
         2        27         1                6.19                0.00
         2        27         2                0.00                0.00
         2        27         3                4.10       1896627712.00
         2        27         4                0.00                0.00
         2        27         5                0.00                0.00
         2        27         6                0.00                0.00
         2        27         7                0.00                0.00
         2        27         8                0.00                0.00
         2        28         1                5.62                0.00
         2        28         2                0.00                0.00
         2        28         3                3.71       1543335424.00
         2        28         4                0.00                0.00
         2        28         5                0.00                0.00
         2        28         6                0.00                0.00
         2        28         7                0.00                0.00
         2        28         8                0.00                0.00
         2        29         1                6.20              159.41
         2        29         2                0.00                0.00
         2        29         3                4.37              159.41
         2        29         4                0.00                0.00
         2        29         5                0.00                0.00
         2        29         6                0.00                0.00
         2        29         7                0.00                0.00
         2        29         8                0.00                0.00
         2        30         1                6.15              261.79
         2        30         2                0.00                0.00
         2        30         3                4.63              261.79
         2        30         4                0.00                0.00
         2        30         5                0.00                0.00
         2        30         6                0.00                0.00
         2        30         7                0.00                0.00
         2        30         8                0.00                0.00
         2        31         1                6.07     844446498816.00
         2        31         2                0.00                0.00
         2        31         3                4.80      90839179264.00
         2        31         4                0.00                0.00
         2        31         5                0.00                0.00
         2        31         6                0.00                0.00
         2        31         7                0.00                0.00
         2        31         8                0.00                0.00
         2        32         1                6.50     192111525888.00
         2        32         2                0.00                0.00
         2        32         3                4.50      26678157312.00
         2        32         4                0.00                0.00
         2        32         5                0.00                0.00
         2        32         6                0.00                0.00
         2        32         7                0.00                0.00
         2        32         8                0.00                0.00
         2        33         1                6.28      16471429120.00
         2        33         2                0.00                0.00
         2        33         3                4.32       3556080384.00
         2        33         4                0.00                0.00
         2        33         5                0.00                0.00
         2        33         6                0.00                0.00
         2        33         7                0.00                0.00
         2        33         8                0.00                0.00
         2        34         1                6.10              154.63
         2        34         2                0.00                0.00
         2        34         3                4.19              231.95
         2        34         4                0.00                0.00
         2        34         5                0.00                0.00
         2        34         6                0.00                0.00
         2        34         7                0.00                0.00
         2        34         8                0.00                0.00
         2        35         1                7.04     243425509376.00
         2        35         2                0.00                0.00
         2        35         3                5.93     115733929984.00
         2        35         4                0.00                0.00
         2        35         5                0.00                0.00
         2        35         6                0.00                0.00
         2        35         7                0.00                0.00
         2        35         8                0.00                0.00
         2        36         1                7.27      57195601920.00
         2        36         2                0.00                0.00
         2        36         3                5.78    1246878629888.00
         2        36         4                0.00                0.00
         2        36         5                0.00                0.00
         2        36         6                0.00                0.00
         2        36         7                0.00                0.00
         2        36         8                0.00                0.00
         2        37         1                7.31      57474842624.00
         2        37         2                0.00                0.00
         2        37         3                5.65    1503029231616.00
         2        37         4                0.00                0.00
         2        37         5                0.00                0.00
         2        37         6                0.00                0.00
         2        37         7                0.00                0.00
         2        37         8                0.00                0.00
         2        38         1                6.25       4175828736.00
         2        38         2                0.00                0.00
         2        38         3                4.33        551862592.00
         2        38         4                0.00                0.00
         2        38         5                0.00                0.00
         2        38         6                0.00                0.00
         2        38         7                0.00                0.00
         2        38         8                0.00                0.00
         2        39         1                6.10               33.36
         2        39         2                0.00                0.00
         2        39         3                4.19               50.04
         2        39         4                0.00                0.00
         2        39         5                0.00                0.00
         2        39         6                0.00                0.00
         2        39         7                0.00                0.00
         2        39         8                0.00                0.00
         2        40         1                6.07      31780853760.00
         2        40         2                0.00                0.00
         2        40         3                4.04      10163021824.00
         2        40         4                0.00                0.00
         2        40         5                0.00                0.00
         2        40         6                0.00                0.00
         2        40         7                0.00                0.00
         2        40         8                0.00                0.00
         2        41         1                6.22      37272571904.00
         2        41         2                0.00                0.00
         2        41         3                4.23      30451404800.00
         2        41         4                0.00                0.00
         2        41         5                0.00                0.00
         2        41         6                0.00                0.00
         2        41         7                0.00                0.00
         2        41         8                0.00                0.00
         2        42         1                5.93     275275382784.00
         2        42         2                0.00                0.00
         2        42         3                3.97      11069211648.00
         2        42         4                0.00                0.00
         2        42         5                0.00                0.00
         2        42         6                0.00                0.00
         2        42         7                0.00                0.00
         2        42         8                0.00                0.00
         2        43         1                5.96                0.00
         2        43         2                0.00                0.00
         2        43         3                4.12                0.00
         2        43         4                0.00                0.00
         2        43         5                0.00                0.00
         2        43         6                0.00                0.00
         2        43         7                0.00                0.00
         2        43         8                0.00                0.00
         2        44         1                6.19                0.00
         2        44         2                0.00                0.00
         2        44         3                4.26        622462592.00
         2        44         4                0.00                0.00
         2        44         5                0.00                0.00
         2        44         6                0.00                0.00
         2        44         7                0.00                0.00
         2        44         8                0.00                0.00
         2        45         1                6.16     589371801600.00
         2        45         2                0.00                0.00
         2        45         3                4.18      15224567808.00
         2        45         4                0.00                0.00
         2        45         5                0.00                0.00
         2        45         6                0.00                0.00
         2        45         7                0.00                0.00
         2        45         8                0.00                0.00
         2        46         1                5.19    2995250528256.00
         2        46         2                0.00                0.00
         2        46         3                3.30      39039766528.00
         2        46         4                0.00                0.00
         2        46         5                0.00                0.00
         2        46         6                0.00                0.00
         2        46         7                0.00                0.00
         2        46         8                0.00                0.00
         2        47         1                5.30   46292986232832.00
         2        47         2                0.00                0.00
         2        47         3                3.67   16007234060288.00
         2        47         4                0.00                0.00
         2        47         5                0.00                0.00
         2        47         6                0.00                0.00
         2        47         7                0.00                0.00
         2        47         8                0.00                0.00
         3         1         1                0.00                0.00
         3         1         2                0.00                0.00
         3         1         3                0.00                0.00
         3         1         4                0.00                0.00
         3         1         5                0.00                0.00
         3         1         6                0.00                0.00
         3         1         7                0.00                0.00
         3         1         8                0.00                0.00
         3         2         1                0.00                0.00
         3         2         2                0.00                0.00
         3         2         3                0.00                0.00
         3         2         4                0.00                0.00
         3         2         5                0.00                0.00
         3         2         6                0.00                0.00
         3         2         7                0.00                0.00
         3         2         8                0.00                0.00
         3         3         1                0.00                0.00
         3         3         2                0.00                0.00
         3         3         3                0.00                0.00
         3         3         4                0.00                0.00
         3         3         5                0.00                0.00
         3         3         6                0.00                0.00
         3         3         7                0.00                0.00
         3         3         8                0.00                0.00
         3         4         1                0.00                0.00
         3         4         2                0.00                0.00
         3         4         3                0.00                0.00
         3         4         4                0.00                0.00
         3         4         5                0.00                0.00
         3         4         6                0.00                0.00
         3         4         7                0.00                0.00
         3         4         8                0.00                0.00
         3         5         1                0.01                0.00
         3         5         2                0.00                0.00
         3         5         3                0.00                0.00
         3         5         4                0.00                0.00
         3         5         5                0.00                0.00
         3         5         6                0.00                0.00
         3         5         7                0.00                0.00
         3         5         8                0.00                0.00
         3         6         1                9.06                0.00
         3         6         2                0.00                0.00
         3         6         3                0.53                0.00
         3         6         4                0.00                0.00
         3         6         5                0.00                0.00
         3         6         6                0.00                0.00
         3         6         7                0.00                0.00
         3         6         8                0.00                0.00
         3         7         1               10.32    1438535778304.00
         3         7         2                0.00                0.00
         3         7         3                8.33            62120.15
         3         7         4                0.00                0.00
         3         7         5                0.00                0.00
         3         7         6                0.00                0.00
         3         7         7                0.00                0.00
         3         7         8                0.00                0.00
         3         8         1                7.76      38404272128.00
         3         8         2                0.00                0.00
         3         8         3                6.98             9357.19
         3         8         4                0.00                0.00
         3         8         5                0.00                0.00
         3         8         6                0.00                0.00
         3         8         7                0.00                0.00
         3         8         8                0.00                0.00
         3         9         1                7.51      61742493696.00
         3         9         2                0.00                0.00
         3         9         3                6.50      79182331904.00
         3         9         4                0.00                0.00
         3         9         5                0.00                0.00
         3         9         6                0.00                0.00
         3         9         7                0.00                0.00
         3         9         8                0.00                0.00
         3        10         1                8.66        138735904.00
         3        10         2                0.00                0.00
         3        10         3                7.51        151729536.00
         3        10         4                0.00                0.00
         3        10         5                0.00                0.00
         3        10         6                0.00                0.00
         3        10         7                0.00                0.00
         3        10         8                0.00                0.00
         3        11         1                6.65     497211506688.00
         3        11         2                0.00                0.00
         3        11         3                5.47     214033006592.00
         3        11         4                0.00                0.00
         3        11         5                0.00                0.00
         3        11         6                0.00                0.00
         3        11         7                0.00                0.00
         3        11         8                0.00                0.00
         3        12         1                5.51    9970026283008.00
         3        12         2                0.00                0.00
         3        12         3                4.10     747107581952.00
         3        12         4                0.00                0.00
         3        12         5                0.00                0.00
         3        12         6                0.00                0.00
         3        12         7                0.00                0.00
         3        12         8                0.00                0.00
         3        13         1                6.79     107155742720.00
         3        13         2                0.00                0.00
         3        13         3                6.07       8755863552.00
         3        13         4                0.00                0.00
         3        13         5                0.00                0.00
         3        13         6                0.00                0.00
         3        13         7                0.00                0.00
         3        13         8                0.00                0.00
         3        14         1                5.58     146097242112.00
         3        14         2                0.00                0.00
         3        14         3                4.98      12144598016.00
         3        14         4                0.00                0.00
         3        14         5                0.00                0.00
         3        14         6                0.00                0.00
         3        14         7                0.00                0.00
         3        14         8                0.00                0.00
         3        15         1                5.20              128.93
         3        15         2                0.00                0.00
         3        15         3                4.80              128.93
         3        15         4                0.00                0.00
         3        15         5                0.00                0.00
         3        15         6                0.00                0.00
         3        15         7                0.00                0.00
         3        15         8                0.00                0.00
         3        16         1                6.11     813855145984.00
         3        16         2                0.00                0.00
         3        16         3                5.54     184666210304.00
         3        16         4                0.00                0.00
         3        16         5                0.00                0.00
         3        16         6                0.00                0.00
         3        16         7                0.00                0.00
         3        16         8                0.00                0.00
         3        17         1                5.72     229134565376.00
         3        17         2                0.00                0.00
         3        17         3                5.50      17478699008.00
         3        17         4                0.00                0.00
         3        17         5                0.00                0.00
         3        17         6                0.00                0.00
         3        17         7                0.00                0.00
         3        17         8                0.00                0.00
         3        18         1                5.52                0.00
         3        18         2                0.00                0.00
         3        18         3                4.47                0.00
         3        18         4                0.00                0.00
         3        18         5                0.00                0.00
         3        18         6                0.00                0.00
         3        18         7                0.00                0.00
         3        18         8                0.00                0.00
         3        19         1                4.15    4163842605056.00
         3        19         2                0.00                0.00
         3        19         3                3.10     422011404288.00
         3        19         4                0.00                0.00
         3        19         5                0.00                0.00
         3        19         6                0.00                0.00
         3        19         7                0.00                0.00
         3        19         8                0.00                0.00
         3        20         1                7.22        474884544.00
         3        20         2                0.00                0.00
         3        20         3                6.65       5485243904.00
         3        20         4                0.00                0.00
         3        20         5                0.00                0.00
         3        20         6                0.00                0.00
         3        20         7                0.00                0.00
         3        20         8                0.00                0.00
         3        21         1                6.56     679161233408.00
         3        21         2                0.00                0.00
         3        21         3                5.72     146758123520.00
         3        21         4                0.00                0.00
         3        21         5                0.00                0.00
         3        21         6                0.00                0.00
         3        21         7                0.00                0.00
         3        21         8                0.00                0.00
         3        22         1                5.40   11165625221120.00
         3        22         2                0.00                0.00
         3        22         3                4.65     717391659008.00
         3        22         4                0.00                0.00
         3        22         5                0.00                0.00
         3        22         6                0.00                0.00
         3        22         7                0.00                0.00
         3        22         8                0.00                0.00
         3        23         1                5.65                0.00
         3        23         2                0.00                0.00
         3        23         3                4.66        638758464.00
         3        23         4                0.00                0.00
         3        23         5                0.00                0.00
         3        23         6                0.00                0.00
         3        23         7                0.00                0.00
         3        23         8                0.00                0.00
         3        24         1                5.11      76935462912.00
         3        24         2                0.00                0.00
         3        24         3                3.80      19900794880.00
         3        24         4                0.00                0.00
         3        24         5                0.00                0.00
         3        24         6                0.00                0.00
         3        24         7                0.00                0.00
         3        24         8                0.00                0.00
         3        25         1                5.08             1730.12
         3        25         2                0.00                0.00
         3        25         3                3.93             1730.12
         3        25         4                0.00                0.00
         3        25         5                0.00                0.00
         3        25         6                0.00                0.00
         3        25         7                0.00                0.00
         3        25         8                0.00                0.00
         3        26         1                4.65                0.00
         3        26         2                0.00                0.00
         3        26         3                3.13                0.00
         3        26         4                0.00                0.00
         3        26         5                0.00                0.00
         3        26         6                0.00                0.00
         3        26         7                0.00                0.00
         3        26         8                0.00                0.00
         3        27         1                5.26    1156754046976.00
         3        27         2                0.00                0.00
         3        27         3                3.64      24803932160.00
         3        27         4                0.00                0.00
         3        27         5                0.00                0.00
         3        27         6                0.00                0.00
         3        27         7                0.00                0.00
         3        27         8                0.00                0.00
         3        28         1                4.81                0.00
         3        28         2                0.00                0.00
         3        28         3                3.28                0.00
         3        28         4                0.00                0.00
         3        28         5                0.00                0.00
         3        28         6                0.00                0.00
         3        28         7                0.00                0.00
         3        28         8                0.00                0.00
         3        29         1                5.37              159.41
         3        29         2                0.00                0.00
         3        29         3                3.83              159.41
         3        29         4                0.00                0.00
         3        29         5                0.00                0.00
         3        29         6                0.00                0.00
         3        29         7                0.00                0.00
         3        29         8                0.00                0.00
         3        30         1                5.08              261.79
         3        30         2                0.00                0.00
         3        30         3                3.93              261.79
         3        30         4                0.00                0.00
         3        30         5                0.00                0.00
         3        30         6                0.00                0.00
         3        30         7                0.00                0.00
         3        30         8                0.00                0.00
         3        31         1                5.35     844446498816.00
         3        31         2                0.00                0.00
         3        31         3                4.27      90839179264.00
         3        31         4                0.00                0.00
         3        31         5                0.00                0.00
         3        31         6                0.00                0.00
         3        31         7                0.00                0.00
         3        31         8                0.00                0.00
         3        32         1                5.64     192111525888.00
         3        32         2                0.00                0.00
         3        32         3                3.98      26678157312.00
         3        32         4                0.00                0.00
         3        32         5                0.00                0.00
         3        32         6                0.00                0.00
         3        32         7                0.00                0.00
         3        32         8                0.00                0.00
         3        33         1                5.51      16471429120.00
         3        33         2                0.00                0.00
         3        33         3                3.84       3556080384.00
         3        33         4                0.00                0.00
         3        33         5                0.00                0.00
         3        33         6                0.00                0.00
         3        33         7                0.00                0.00
         3        33         8                0.00                0.00
         3        34         1                5.34               77.32
         3        34         2                0.00                0.00
         3        34         3                3.76              231.95
         3        34         4                0.00                0.00
         3        34         5                0.00                0.00
         3        34         6                0.00                0.00
         3        34         7                0.00                0.00
         3        34         8                0.00                0.00
         3        35         1                6.24     306801606656.00
         3        35         2                0.00                0.00
         3        35         3                5.18     172233932800.00
         3        35         4                0.00                0.00
         3        35         5                0.00                0.00
         3        35         6                0.00                0.00
         3        35         7                0.00                0.00
         3        35         8                0.00                0.00
         3        36         1                6.30    1135453274112.00
         3        36         2                0.00                0.00
         3        36         3                5.22    3246116569088.00
         3        36         4                0.00                0.00
         3        36         5                0.00                0.00
         3        36         6                0.00                0.00
         3        36         7                0.00                0.00
         3        36         8                0.00                0.00
         3        37         1                6.17    1147967242240.00
         3        37         2                0.00                0.00
         3        37         3                5.18    2682672906240.00
         3        37         4                0.00                0.00
         3        37         5                0.00                0.00
         3        37         6                0.00                0.00
         3        37         7                0.00                0.00
         3        37         8                0.00                0.00
         3        38         1                5.10       4175828736.00
         3        38         2                0.00                0.00
         3        38         3                3.78        551862592.00
         3        38         4                0.00                0.00
         3        38         5                0.00                0.00
         3        38         6                0.00                0.00
         3        38         7                0.00                0.00
         3        38         8                0.00                0.00
         3        39         1                5.34               16.68
         3        39         2                0.00                0.00
         3        39         3                3.76               50.04
         3        39         4                0.00                0.00
         3        39         5                0.00                0.00
         3        39         6                0.00                0.00
         3        39         7                0.00                0.00
         3        39         8                0.00                0.00
         3        40         1                5.20      15890426880.00
         3        40         2                0.00                0.00
         3        40         3                3.63      10163021824.00
         3        40         4                0.00                0.00
         3        40         5                0.00                0.00
         3        40         6                0.00                0.00
         3        40         7                0.00                0.00
         3        40         8                0.00                0.00
         3        41         1                5.31      37272571904.00
         3        41         2                0.00                0.00
         3        41         3                3.76      30451404800.00
         3        41         4                0.00                0.00
         3        41         5                0.00                0.00
         3        41         6                0.00                0.00
         3        41         7                0.00                0.00
         3        41         8                0.00                0.00
         3        42         1                5.00     275275382784.00
         3        42         2                0.00                0.00
         3        42         3                3.59      11069211648.00
         3        42         4                0.00                0.00
         3        42         5                0.00                0.00
         3        42         6                0.00                0.00
         3        42         7                0.00                0.00
         3        42         8                0.00                0.00
         3        43         1                5.10                0.00
         3        43         2                0.00                0.00
         3        43         3                3.64       3181725184.00
         3        43         4                0.00                0.00
         3        43         5                0.00                0.00
         3        43         6                0.00                0.00
         3        43         7                0.00                0.00
         3        43         8                0.00                0.00
         3        44         1                5.40                0.00
         3        44         2                0.00                0.00
         3        44         3                3.82       4332704256.00
         3        44         4                0.00                0.00
         3        44         5                0.00                0.00
         3        44         6                0.00                0.00
         3        44         7                0.00                0.00
         3        44         8                0.00                0.00
         3        45         1                5.29      24790624256.00
         3        45         2                0.00                0.00
         3        45         3                3.62      15224567808.00
         3        45         4                0.00                0.00
         3        45         5                0.00                0.00
         3        45         6                0.00                0.00
         3        45         7                0.00                0.00
         3        45         8                0.00                0.00
         3        46         1                4.59    2246437765120.00
         3        46         2                0.00                0.00
         3        46         3                3.09      39039766528.00
         3        46         4                0.00                0.00
         3        46         5                0.00                0.00
         3        46         6                0.00                0.00
         3        46         7                0.00                0.00
         3        46         8                0.00                0.00
         3        47         1                4.74   94971063435264.00
         3        47         2                0.00                0.00
         3        47         3                3.30   18458116882432.00
         3        47         4                0.00                0.00
         3        47         5                0.00                0.00
         3        47         6                0.00                0.00
         3        47         7                0.00                0.00
         3        47         8                0.00                0.00
