1 1 0 1 1200 0.9 0.5 0
1 2 0 160 1200 -99 -99 0
1 3 0.001566316 1 1700 0.8 0.5 0
1 4 0.008828279 120 1700 -99 -99 0
1 5 0.326182787 -99 -99 -99 -99 0
1 6 0.61800976 -99 -99 -99 -99 0
1 7 9.87236e-05 -99 -99 -99 -99 0
1 8 0.045314134 -99 -99 -99 -99 0
2 1 0 1 1200 0.9 0.5 0
2 2 0 160 1200 -99 -99 0
2 3 0.003314402 1 1700 0.8 0.5 0
2 4 0.012132242 120 1700 -99 -99 0
2 5 0.519166909 -99 -99 -99 -99 0
2 6 0.43914529 -99 -99 -99 -99 0
2 7 4.63625e-05 -99 -99 -99 -99 0
2 8 0.026194794 -99 -99 -99 -99 0
3 1 1.80257e-05 1 1200 0.9 0.5 0
3 2 1.21436e-05 160 1200 -99 -99 0
3 3 0.004969288 1 1700 0.8 0.5 0
3 4 0.027018065 120 1700 -99 -99 0
3 5 0.208304182 -99 -99 -99 -99 0
3 6 0.742114428 -99 -99 -99 -99 0
3 7 0.000164148 -99 -99 -99 -99 0
3 8 0.017399719 -99 -99 -99 -99 0
4 1 0.002632583 1 1200 0.9 0.5 0
4 2 0.001104491 160 1200 -99 -99 0
4 3 0 1 1700 0.8 0.5 0
4 4 0.073946861 120 1700 -99 -99 0
4 5 0.919472336 -99 -99 -99 -99 0
4 6 0.002843729 -99 -99 -99 -99 0
4 7 0 -99 -99 -99 -99 0
4 8 0 -99 -99 -99 -99 0
5 1 0.002132055 1 1200 0.9 0.5 0
5 2 0.001225677 160 1200 -99 -99 0
5 3 0 1 1700 0.8 0.5 0
5 4 0.05533166 120 1700 -99 -99 0
5 5 0.941310608 -99 -99 -99 -99 0
5 6 0 -99 -99 -99 -99 0
5 7 0 -99 -99 -99 -99 0
5 8 0 -99 -99 -99 -99 0
6 1 0.015511932 1 1200 0.9 0.5 0
6 2 0.001624735 160 1200 -99 -99 0
6 3 0 1 1700 0.8 0.5 0
6 4 0.090156432 120 1700 -99 -99 0
6 5 0.879488445 -99 -99 -99 -99 0
6 6 0.013064753 -99 -99 -99 -99 0
6 7 0 -99 -99 -99 -99 0
6 8 0.000153703 -99 -99 -99 -99 0
7 1 0.022455471 1 1200 0.9 0.5 0
7 2 0.0062696 160 1200 -99 -99 0
7 3 0 1 1700 0.8 0.5 0
7 4 0.135621553 120 1700 -99 -99 0
7 5 0.834746863 -99 -99 -99 -99 0
7 6 0.000906512 -99 -99 -99 -99 0
7 7 0 -99 -99 -99 -99 0
7 8 0 -99 -99 -99 -99 0
8 1 0.016974436 1 1200 0.9 0.5 0
8 2 0.001783088 160 1200 -99 -99 0
8 3 0 1 1700 0.8 0.5 0
8 4 0.080670408 120 1700 -99 -99 0
8 5 0.900572068 -99 -99 -99 -99 0
8 6 0 -99 -99 -99 -99 0
8 7 0 -99 -99 -99 -99 0
8 8 0 -99 -99 -99 -99 0
9 1 0.035147251 1 1200 0.9 0.5 0
9 2 0.003355115 160 1200 -99 -99 0
9 3 0.001036419 1 1700 0.8 0.5 0
9 4 0.052062799 120 1700 -99 -99 0
9 5 0.907548196 -99 -99 -99 -99 0
9 6 0.000850219 -99 -99 -99 -99 0
9 7 0 -99 -99 -99 -99 0
9 8 0 -99 -99 -99 -99 0
10 1 0.021724353 1 1200 0.9 0.5 0
10 2 0.019994056 160 1200 -99 -99 0
10 3 0.002025017 1 1700 0.8 0.5 0
10 4 0.071402351 120 1700 -99 -99 0
10 5 0.884653097 -99 -99 -99 -99 0
10 6 0.000201126 -99 -99 -99 -99 0
10 7 0 -99 -99 -99 -99 0
10 8 0 -99 -99 -99 -99 0
11 1 0.014720795 1 1200 0.9 0.5 0
11 2 0.022731289 160 1200 -99 -99 0
11 3 0.003882501 1 1700 0.8 0.5 0
11 4 0.062836746 120 1700 -99 -99 0
11 5 0.895828669 -99 -99 -99 -99 0
11 6 0 -99 -99 -99 -99 0
11 7 0 -99 -99 -99 -99 0
11 8 0 -99 -99 -99 -99 0
12 1 0.130715768 1 1200 0.9 0.5 0
12 2 0.035750556 160 1200 -99 -99 0
12 3 0.005377256 1 1700 0.8 0.5 0
12 4 0.104393562 120 1700 -99 -99 0
12 5 0.723305832 -99 -99 -99 -99 0
12 6 0.000457026 -99 -99 -99 -99 0
12 7 0 -99 -99 -99 -99 0
12 8 0 -99 -99 -99 -99 0
13 1 0.004791782 1 1200 0.9 0.5 0
13 2 0.012361423 160 1200 -99 -99 0
13 3 0.000391544 1 1700 0.8 0.5 0
13 4 0.016172332 120 1700 -99 -99 0
13 5 0.966282919 -99 -99 -99 -99 0
13 6 0 -99 -99 -99 -99 0
13 7 0 -99 -99 -99 -99 0
13 8 0 -99 -99 -99 -99 0
14 1 0.010689463 1 1200 0.9 0.5 0
14 2 0.017814649 160 1200 -99 -99 0
14 3 0.000888581 1 1700 0.8 0.5 0
14 4 0.035411068 120 1700 -99 -99 0
14 5 0.935196239 -99 -99 -99 -99 0
14 6 0 -99 -99 -99 -99 0
14 7 0 -99 -99 -99 -99 0
14 8 0 -99 -99 -99 -99 0
15 1 0 1 1200 0.9 0.5 0
15 2 0 160 1200 -99 -99 0
15 3 0 1 1700 0.8 0.5 0
15 4 0 120 1700 -99 -99 0
15 5 1 -99 -99 -99 -99 0
15 6 0 -99 -99 -99 -99 0
15 7 0 -99 -99 -99 -99 0
15 8 0 -99 -99 -99 -99 0
16 1 0.009556713 1 1200 0.9 0.5 0
16 2 0.008445712 160 1200 -99 -99 0
16 3 0.002168447 1 1700 0.8 0.5 0
16 4 0.019575805 120 1700 -99 -99 0
16 5 0.960253323 -99 -99 -99 -99 0
16 6 0 -99 -99 -99 -99 0
16 7 0 -99 -99 -99 -99 0
16 8 0 -99 -99 -99 -99 0
17 1 0.011313469 1 1200 0.9 0.5 0
17 2 0.008045248 160 1200 -99 -99 0
17 3 0.000863007 1 1700 0.8 0.5 0
17 4 0.017104502 120 1700 -99 -99 0
17 5 0.962673775 -99 -99 -99 -99 0
17 6 0 -99 -99 -99 -99 0
17 7 0 -99 -99 -99 -99 0
17 8 0 -99 -99 -99 -99 0
18 1 0.003398785 1 1200 0.9 0.5 0
18 2 0.024436352 160 1200 -99 -99 0
18 3 0.000543063 1 1700 0.8 0.5 0
18 4 0.046129808 120 1700 -99 -99 0
18 5 0.925491991 -99 -99 -99 -99 0
18 6 0 -99 -99 -99 -99 0
18 7 0 -99 -99 -99 -99 0
18 8 0 -99 -99 -99 -99 0
19 1 0.08285354 1 1200 0.9 0.5 0
19 2 0.072346595 160 1200 -99 -99 0
19 3 0.008397325 1 1700 0.8 0.5 0
19 4 0.112796012 120 1700 -99 -99 0
19 5 0.722255706 -99 -99 -99 -99 0
19 6 0.001350822 -99 -99 -99 -99 0
19 7 0 -99 -99 -99 -99 0
19 8 0 -99 -99 -99 -99 0
20 1 0.027388166 1 1200 0.9 0.5 0
20 2 0.017143693 160 1200 -99 -99 0
20 3 0.006881971 1 1700 0.8 0.5 0
20 4 0.011929531 120 1700 -99 -99 0
20 5 0.934839923 -99 -99 -99 -99 0
20 6 0.001816716 -99 -99 -99 -99 0
20 7 0 -99 -99 -99 -99 0
20 8 0 -99 -99 -99 -99 0
21 1 0.029561179 1 1200 0.9 0.5 0
21 2 0.028465763 160 1200 -99 -99 0
21 3 0.003193898 1 1700 0.8 0.5 0
21 4 0.029266979 120 1700 -99 -99 0
21 5 0.908641938 -99 -99 -99 -99 0
21 6 0.000870242 -99 -99 -99 -99 0
21 7 0 -99 -99 -99 -99 0
21 8 0 -99 -99 -99 -99 0
22 1 0.049997114 1 1200 0.9 0.5 0
22 2 0.077975845 160 1200 -99 -99 0
22 3 0.002141544 1 1700 0.8 0.5 0
22 4 0.056567963 120 1700 -99 -99 0
22 5 0.810964418 -99 -99 -99 -99 0
22 6 0.002327813 -99 -99 -99 -99 0
22 7 2.53023e-05 -99 -99 -99 -99 0
22 8 0 -99 -99 -99 -99 0
23 1 0.014713039 1 1200 0.9 0.5 0
23 2 0.035609932 160 1200 -99 -99 0
23 3 0.005628706 1 1700 0.8 0.5 0
23 4 0.01584699 120 1700 -99 -99 0
23 5 0.927659285 -99 -99 -99 -99 0
23 6 0.000542047 -99 -99 -99 -99 0
23 7 0 -99 -99 -99 -99 0
23 8 0 -99 -99 -99 -99 0
24 1 0.008537067 1 1200 0.9 0.5 0
24 2 0.043257389 160 1200 -99 -99 0
24 3 0.001104136 1 1700 0.8 0.5 0
24 4 0.047748326 120 1700 -99 -99 0
24 5 0.899353082 -99 -99 -99 -99 0
24 6 0 -99 -99 -99 -99 0
24 7 0 -99 -99 -99 -99 0
24 8 0 -99 -99 -99 -99 0
25 1 0 1 1200 0.9 0.5 0
25 2 0.029875161 160 1200 -99 -99 0
25 3 0 1 1700 0.8 0.5 0
25 4 0.011593657 120 1700 -99 -99 0
25 5 0.958531181 -99 -99 -99 -99 0
25 6 0 -99 -99 -99 -99 0
25 7 0 -99 -99 -99 -99 0
25 8 0 -99 -99 -99 -99 0
26 1 0.124321985 1 1200 0.9 0.5 0
26 2 0.151322415 160 1200 -99 -99 0
26 3 0.001159267 1 1700 0.8 0.5 0
26 4 0.149737215 120 1700 -99 -99 0
26 5 0.561649597 -99 -99 -99 -99 0
26 6 0.01180952 -99 -99 -99 -99 0
26 7 0 -99 -99 -99 -99 0
26 8 0 -99 -99 -99 -99 0
27 1 0.12587254 1 1200 0.9 0.5 0
27 2 0.094727287 160 1200 -99 -99 0
27 3 0.000729646 1 1700 0.8 0.5 0
27 4 0.086327375 120 1700 -99 -99 0
27 5 0.679257106 -99 -99 -99 -99 0
27 6 0.013086046 -99 -99 -99 -99 0
27 7 0 -99 -99 -99 -99 0
27 8 0 -99 -99 -99 -99 0
28 1 0.095728126 1 1200 0.9 0.5 0
28 2 0.235910561 160 1200 -99 -99 0
28 3 0.000195908 1 1700 0.8 0.5 0
28 4 0.167427349 120 1700 -99 -99 0
28 5 0.468063987 -99 -99 -99 -99 0
28 6 0.03267407 -99 -99 -99 -99 0
28 7 0 -99 -99 -99 -99 0
28 8 0 -99 -99 -99 -99 0
29 1 0 1 1200 0.9 0.5 0
29 2 0 160 1200 -99 -99 0
29 3 0 1 1700 0.8 0.5 0
29 4 0.174749986 120 1700 -99 -99 0
29 5 0.825250014 -99 -99 -99 -99 0
29 6 0 -99 -99 -99 -99 0
29 7 0 -99 -99 -99 -99 0
29 8 0 -99 -99 -99 -99 0
30 1 0 1 1200 0.9 0.5 0
30 2 0 160 1200 -99 -99 0
30 3 0 1 1700 0.8 0.5 0
30 4 0 120 1700 -99 -99 0
30 5 1 -99 -99 -99 -99 0
30 6 0 -99 -99 -99 -99 0
30 7 0 -99 -99 -99 -99 0
30 8 0 -99 -99 -99 -99 0
31 1 0.034051134 1 1200 0.9 0.5 0
31 2 0.058638314 160 1200 -99 -99 0
31 3 0.003662964 1 1700 0.8 0.5 0
31 4 0.042416997 120 1700 -99 -99 0
31 5 0.846698839 -99 -99 -99 -99 0
31 6 0.014531753 -99 -99 -99 -99 0
31 7 0 -99 -99 -99 -99 0
31 8 0 -99 -99 -99 -99 0
32 1 0.022684868 1 1200 0.9 0.5 0
32 2 0.021647928 160 1200 -99 -99 0
32 3 0.003150204 1 1700 0.8 0.5 0
32 4 0.013457113 120 1700 -99 -99 0
32 5 0.92020523 -99 -99 -99 -99 0
32 6 0.018854657 -99 -99 -99 -99 0
32 7 0 -99 -99 -99 -99 0
32 8 0 -99 -99 -99 -99 0
33 1 0.003274058 1 1200 0.9 0.5 0
33 2 0.017157227 160 1200 -99 -99 0
33 3 0.000706849 1 1700 0.8 0.5 0
33 4 0.00698641 120 1700 -99 -99 0
33 5 0.964540547 -99 -99 -99 -99 0
33 6 0.007334909 -99 -99 -99 -99 0
33 7 0 -99 -99 -99 -99 0
33 8 0 -99 -99 -99 -99 0
34 1 0 1 1200 0.9 0.5 0
34 2 0 160 1200 -99 -99 0
34 3 0 1 1700 0.8 0.5 0
34 4 0 120 1700 -99 -99 0
34 5 1 -99 -99 -99 -99 0
34 6 0 -99 -99 -99 -99 0
34 7 0 -99 -99 -99 -99 0
34 8 0 -99 -99 -99 -99 0
35 1 0.00266786 1 1200 0.9 0.5 0
35 2 0.010506001 160 1200 -99 -99 0
35 3 0.000998465 1 1700 0.8 0.5 0
35 4 0.006950223 120 1700 -99 -99 0
35 5 0.978809732 -99 -99 -99 -99 0
35 6 6.7719e-05 -99 -99 -99 -99 0
35 7 0 -99 -99 -99 -99 0
35 8 0 -99 -99 -99 -99 0
36 1 0.015011745 1 1200 0.9 0.5 0
36 2 0.010471394 160 1200 -99 -99 0
36 3 0.028003988 1 1700 0.8 0.5 0
36 4 0.053779699 120 1700 -99 -99 0
36 5 0.892579695 -99 -99 -99 -99 0
36 6 0.000153478 -99 -99 -99 -99 0
36 7 0 -99 -99 -99 -99 0
36 8 0 -99 -99 -99 -99 0
37 1 0.014782797 1 1200 0.9 0.5 0
37 2 0.020044841 160 1200 -99 -99 0
37 3 0.021362639 1 1700 0.8 0.5 0
37 4 0.136398719 120 1700 -99 -99 0
37 5 0.806776883 -99 -99 -99 -99 0
37 6 0.00063412 -99 -99 -99 -99 0
37 7 0 -99 -99 -99 -99 0
37 8 0 -99 -99 -99 -99 0
38 1 0.001242889 1 1200 0.9 0.5 0
38 2 0.034146234 160 1200 -99 -99 0
38 3 0.000657023 1 1700 0.8 0.5 0
38 4 0.012293688 120 1700 -99 -99 0
38 5 0.951660166 -99 -99 -99 -99 0
38 6 0 -99 -99 -99 -99 0
38 7 0 -99 -99 -99 -99 0
38 8 0 -99 -99 -99 -99 0
39 1 0 1 1200 0.9 0.5 0
39 2 0 160 1200 -99 -99 0
39 3 0 1 1700 0.8 0.5 0
39 4 0 120 1700 -99 -99 0
39 5 1 -99 -99 -99 -99 0
39 6 0 -99 -99 -99 -99 0
39 7 0 -99 -99 -99 -99 0
39 8 0 -99 -99 -99 -99 0
40 1 0.000478119 1 1200 0.9 0.5 0
40 2 0.025603568 160 1200 -99 -99 0
40 3 0.00010193 1 1700 0.8 0.5 0
40 4 0.010919242 120 1700 -99 -99 0
40 5 0.9578177 -99 -99 -99 -99 0
40 6 0.00507944 -99 -99 -99 -99 0
40 7 0 -99 -99 -99 -99 0
40 8 0 -99 -99 -99 -99 0
41 1 0.002969339 1 1200 0.9 0.5 0
41 2 0.035330104 160 1200 -99 -99 0
41 3 0.002425927 1 1700 0.8 0.5 0
41 4 0.06984493 120 1700 -99 -99 0
41 5 0.885000877 -99 -99 -99 -99 0
41 6 0.004428822 -99 -99 -99 -99 0
41 7 0 -99 -99 -99 -99 0
41 8 0 -99 -99 -99 -99 0
42 1 0.03840696 1 1200 0.9 0.5 0
42 2 0.176584397 160 1200 -99 -99 0
42 3 0.001544398 1 1700 0.8 0.5 0
42 4 0.15101708 120 1700 -99 -99 0
42 5 0.55169963 -99 -99 -99 -99 0
42 6 0.080747534 -99 -99 -99 -99 0
42 7 0 -99 -99 -99 -99 0
42 8 0 -99 -99 -99 -99 0
43 1 0.032993977 1 1200 0.9 0.5 0
43 2 0.124730789 160 1200 -99 -99 0
43 3 0.001702444 1 1700 0.8 0.5 0
43 4 0.053767927 120 1700 -99 -99 0
43 5 0.751471286 -99 -99 -99 -99 0
43 6 0.035312997 -99 -99 -99 -99 0
43 7 2.05787e-05 -99 -99 -99 -99 0
43 8 0 -99 -99 -99 -99 0
44 1 0.004631224 1 1200 0.9 0.5 0
44 2 0.052242619 160 1200 -99 -99 0
44 3 9.89547e-05 1 1700 0.8 0.5 0
44 4 0.019242842 120 1700 -99 -99 0
44 5 0.905174267 -99 -99 -99 -99 0
44 6 0.018610093 -99 -99 -99 -99 0
44 7 0 -99 -99 -99 -99 0
44 8 0 -99 -99 -99 -99 0
45 1 0.075029961 1 1200 0.9 0.5 0
45 2 0.191912286 160 1200 -99 -99 0
45 3 0.001497297 1 1700 0.8 0.5 0
45 4 0.080045915 120 1700 -99 -99 0
45 5 0.346941912 -99 -99 -99 -99 0
45 6 0.304572629 -99 -99 -99 -99 0
45 7 0 -99 -99 -99 -99 0
45 8 0 -99 -99 -99 -99 0
46 1 0.098866646 1 1200 0.9 0.5 0
46 2 0.452129118 160 1200 -99 -99 0
46 3 0.000859078 1 1700 0.8 0.5 0
46 4 0.066259873 120 1700 -99 -99 0
46 5 0.02573657 -99 -99 -99 -99 0
46 6 0.356148716 -99 -99 -99 -99 0
46 7 0 -99 -99 -99 -99 0
46 8 0 -99 -99 -99 -99 0
47 1 0.693997845 1 1200 0.9 0.5 0
47 2 0.191824617 160 1200 -99 -99 0
47 3 0.077075466 1 1700 0.8 0.5 0
47 4 0.037102072 120 1700 -99 -99 0
47 5 6.8526e-17 -99 -99 -99 -99 0
47 6 2.86185e-17 -99 -99 -99 -99 0
47 7 0 -99 -99 -99 -99 0
47 8 0 -99 -99 -99 -99 0
