990000 990000 990000 990000 990000 990000 990000 990000 990000 990000 990000 990000 15 99999999999 99999999999 99999999999 99999999999 99999999999 99999999999 99999999999 99999999999 99999999999 99999999999 99999999999 99999999999 0 0 0 0 0 0 0 0 0 0 0 0
990000 990000 990000 990000 990000 990000 990000 990000 990000 990000 990000 990000 15 99999999999 99999999999 99999999999 99999999999 99999999999 99999999999 99999999999 99999999999 99999999999 99999999999 99999999999 99999999999 0 0 0 0 0 0 0 0 0 0 0 0
990000 990000 990000 990000 990000 990000 990000 990000 990000 990000 990000 990000 15 99999999999 99999999999 99999999999 99999999999 99999999999 99999999999 99999999999 99999999999 99999999999 99999999999 99999999999 99999999999 0 0 0 0 0 0 0 0 0 0 0 0
990000 990000 990000 990000 990000 990000 990000 990000 990000 990000 990000 990000 15 99999999999 99999999999 99999999999 99999999999 99999999999 99999999999 99999999999 99999999999 99999999999 99999999999 99999999999 99999999999 0 0 0 0 0 0 0 0 0 0 0 0
990000 990000 990000 990000 990000 990000 990000 990000 990000 990000 990000 990000 15 99999999999 99999999999 99999999999 99999999999 99999999999 99999999999 99999999999 99999999999 99999999999 99999999999 99999999999 99999999999 0 0 0 0 0 0 0 0 0 0 0 0
990000 990000 990000 990000 990000 990000 990000 990000 990000 990000 990000 990000 15 99999999999 99999999999 99999999999 99999999999 99999999999 99999999999 99999999999 99999999999 99999999999 99999999999 99999999999 99999999999 0 0 0 0 0 0 0 0 0 0 0 0
990000 990000 990000 990000 990000 990000 990000 990000 990000 990000 990000 990000 15 99999999999 99999999999 99999999999 99999999999 99999999999 99999999999 99999999999 99999999999 99999999999 99999999999 99999999999 99999999999 0 0 0 0 0 0 0 0 0 0 0 0
990000 990000 990000 990000 990000 990000 990000 990000 990000 990000 990000 990000 15 99999999999 99999999999 99999999999 99999999999 99999999999 99999999999 99999999999 99999999999 99999999999 99999999999 99999999999 99999999999 0 0 0 0 0 0 0 0 0 0 0 0
990000 990000 990000 990000 990000 990000 990000 990000 990000 990000 990000 990000 15 99999999999 99999999999 99999999999 99999999999 99999999999 99999999999 99999999999 99999999999 99999999999 99999999999 99999999999 99999999999 0 0 0 0 0 0 0 0 0 0 0 0
990000 990000 990000 990000 990000 990000 990000 990000 990000 990000 990000 990000 15 99999999999 99999999999 99999999999 99999999999 99999999999 99999999999 99999999999 99999999999 99999999999 99999999999 99999999999 99999999999 0 0 0 0 0 0 0 0 0 0 0 0
